
strategic_region={
	id=1
	name="STRATEGICREGION_1"
	provinces={
		18 53 151 196 222 736 809 814 834 978 1147 1213 1357 1465 1697 1990 1996 2216 2367 2404 2481 2493 2617 2627 2637 2770 2855 2858 3001 3041 3207 3228 3620 3776 3827 3891 3939 3957 4163 4279 4335 4371 4427 4512 4592 4780 4819 4900 4912 5049 5155 5274 5441 5446 5464 8126 8166 8181 8191 8213 8234 8242 8256 8258 8261 8271 8272 8273 8274 8277 8285 8290 8293 8294 8298 8310 8312 8313 8316 8322 8324 8328 8337 8346 8353 8355 8357 8358 8380 8389 
	}
	weather={
	}
}
