
strategic_region={
	id=100
	name="STRATEGICREGION_100"
	provinces={
		8569 8633 8754 8797 8861 8903 8956 9036 9055 9119 9439 9452 9537 9878 10133 10304 10428 10597 10658 10673 10711 10729 10890 11055 11070 11607 11663 11740 11774 11922 12182 12260 12756 13063 13096 13163 13181 13437 13496 13528 13638 13917 13983 13995 14107 14109 14248 14263 14296 14313 14482 14686 14777 15167 15346 15646 15751 15821 15822 15830 16069 16090 16094 16128 16138 16150 16165 16178 16181 16238 
	}
	naval_terrain=water_deep_ocean
	weather={
	}
}
