
strategic_region={
	id=101
	name="STRATEGICREGION_101"
	provinces={
		12 41 136 148 175 198 228 233 241 265 314 373 378 441 481 543 575 580 584 626 638 653 690 732 765 832 919 980 995 1052 1063 1083 1098 1114 1166 1232 1249 1348 1349 1351 1442 1451 1452 1498 1516 1588 1651 1749 1781 1818 1973 1974 2021 2030 2044 2056 2079 2106 2116 2149 2200 2205 2226 2240 2265 2282 2305 2369 2372 2428 2471 2478 2500 2506 2551 2652 2664 2675 2696 2760 2769 2814 2816 2846 2920 2930 3015 3044 3057 3126 3129 3142 3173 3193 3227 3291 3322 3355 3378 3401 3415 3454 3538 3560 3584 3597 3660 3679 3697 3763 3790 3791 3864 3888 3908 3910 3947 3949 3965 3998 4010 4061 4080 4087 4091 4147 4167 4188 4215 4223 4280 4289 4327 4330 4352 4366 4376 4398 4437 4441 4549 4562 4600 4602 4629 4642 4674 4701 4717 4773 4778 4779 4797 4841 4893 4960 4981 5012 5016 5021 5109 5119 5159 5181 5206 5235 5238 5240 5358 5370 5431 5437 5448 5450 5501 7367 7368 7406 7426 7438 7458 7463 7476 7477 7482 7484 7496 7499 7501 7518 7523 7528 7538 7545 7553 7558 7560 7566 7568 7571 7572 7573 7583 7587 7599 7606 7607 7608 7612 7627 7628 7635 7640 7644 7646 7648 7652 7654 7655 7657 7661 7662 7670 7676 7678 7681 7685 7714 7724 7728 7743 7752 7759 7765 7770 7774 7780 7791 7797 7800 7801 7805 7832 7839 7844 7854 7862 7869 7876 7883 7892 7901 7913 7927 7935 7944 7958 7962 7974 7988 8002 8022 8068 8069 
	}
	weather={
	}
}
