
strategic_region={
	id=104
	name="STRATEGICREGION_104"
	provinces={
		52 63 150 215 279 284 363 366 369 387 465 518 680 693 719 762 768 787 798 827 848 886 948 952 992 997 1002 1012 1044 1048 1061 1080 1101 1106 1112 1123 1180 1182 1225 1264 1381 1396 1476 1491 1562 1584 1595 1628 1643 1684 1780 1798 1844 1894 1899 1918 1962 1995 2036 2163 2181 2195 2241 2373 2376 2391 2451 2489 2498 2510 2525 2547 2550 2553 2554 2575 2609 2764 2773 2804 2825 2838 2845 2849 2896 2934 2992 3021 3033 3043 3048 3091 3114 3169 3185 3200 3335 3354 3385 3397 3445 3451 3512 3544 3590 3595 3637 3648 3677 3716 3798 3879 3881 3898 3930 3933 3958 4018 4019 4053 4076 4084 4177 4207 4266 4267 4294 4306 4307 4358 4406 4431 4434 4446 4471 4502 4511 4539 4628 4660 4697 4747 4788 4874 4945 4961 4970 5009 5041 5043 5061 5187 5195 5198 5212 5305 5481 5779 5811 5815 5821 5824 5826 5829 5835 5856 5857 5867 5868 5871 5882 5902 5903 5906 5914 5915 5921 5922 5927 5945 5946 5948 5956 5957 5970 5971 5973 5974 5979 5981 5982 5985 5993 5994 5995 5996 5999 6009 6013 6020 6028 6032 6034 6036 6038 6043 6048 6049 6052 6060 6068 6072 6091 6094 6096 6100 6107 6120 6127 6130 6134 6144 6145 6146 6152 6161 6175 6191 6194 6217 6222 6229 6236 6245 
	}
	weather={
	}
}
