
strategic_region={
	id=105
	name="STRATEGICREGION_105"
	provinces={
		3 1324 1538 2475 2657 3398 3756 3968 4276 4309 4388 5232 6323 6327 6335 6362 6383 6432 6460 6488 8685 8988 9262 9409 9445 9502 9608 9612 9742 9982 10368 10818 11076 11195 11271 11349 11488 11576 11641 12081 12129 12193 12219 12254 12276 12531 12668 12804 12982 13189 13281 13298 13532 13750 13835 14133 14190 14334 14387 14423 14518 14733 14742 14761 14909 15000 15393 15401 15608 15619 15757 15839 15917 15934 16425 16432 16499 16505 16510 16547 16559 16670 16683 16726 
	}
	naval_terrain=water_shallow_sea
	weather={
	}
}
