
strategic_region={
	id=107
	name="STRATEGICREGION_107"
	provinces={
		39 87 101 163 171 178 225 227 235 252 273 278 296 380 392 396 406 450 487 501 521 533 585 589 624 643 668 672 675 722 724 744 753 778 796 873 944 945 958 994 1023 1054 1062 1082 1109 1134 1214 1255 1257 1297 1312 1338 1342 1344 1365 1417 1450 1469 1500 1526 1534 1537 1545 1548 1561 1571 1593 1637 1664 1680 1713 1727 1741 1742 1770 1773 1787 1820 1830 1857 1861 1891 1932 1945 1951 1964 1978 2019 2039 2047 2102 2104 2219 2247 2255 2298 2342 2359 2397 2454 2487 2497 2618 2656 2663 2672 2679 2682 2699 2701 2707 2776 2788 2903 2915 2921 2932 2972 3028 3061 3078 3092 3093 3112 3137 3153 3172 3183 3212 3221 3222 3243 3253 3317 3328 3419 3426 3473 3477 3496 3498 3528 3530 3600 3610 3640 3671 3676 3684 3686 3692 3800 3820 3836 3865 3869 3889 3894 3914 3935 4008 4027 4034 4040 4043 4085 4098 4101 4105 4145 4174 4199 4214 4292 4323 4345 4355 4365 4432 4472 4544 4577 4578 4597 4637 4688 4708 4771 4777 4786 4798 4820 4924 4950 4958 4989 4993 5007 5013 5033 5074 5083 5107 5145 5221 5310 5359 5379 5386 5388 5411 5461 7588 7592 7613 7614 7620 7624 7633 7641 7645 7660 7673 7674 7679 7682 7686 7687 7689 7690 7693 7700 7704 7709 7711 7715 7719 7721 7725 7731 7732 7734 7739 7740 7741 7742 7746 7753 7754 7757 7761 7768 7773 7775 7776 7778 7783 7787 7788 7792 7795 7802 7806 7807 7809 7815 7816 7817 7818 7820 7822 7824 7826 7827 7834 7835 7836 7837 7840 7845 7847 7848 7865 7866 7871 7872 7873 7874 7877 7878 7879 7884 7885 7890 7896 7897 7898 7902 7903 7904 7905 7908 7909 7910 7911 7912 7920 7921 7924 7930 7933 7947 7965 7970 7981 7985 7996 8003 8006 8011 8023 8024 8051 
	}
	weather={
	}
}
