
strategic_region={
	id=108
	name="STRATEGICREGION_108"
	provinces={
		69 133 191 193 294 385 423 445 555 581 610 612 658 727 754 769 811 816 915 916 921 965 1035 1103 1104 1125 1183 1189 1201 1220 1221 1236 1270 1458 1507 1510 1574 1594 1611 1640 1644 1705 1764 1771 1775 1803 1851 1885 1916 1930 1965 2034 2156 2254 2261 2341 2364 2375 2399 2447 2472 2477 2492 2519 2538 2606 2655 2767 2869 2879 3154 3188 3281 3284 3295 3329 3434 3452 3506 3608 3639 3643 3645 3669 3762 3815 3819 3996 4003 4048 4083 4111 4205 4367 4401 4416 4483 4532 4565 4582 4640 4709 4765 4822 4839 4884 4939 4952 4957 5008 5087 5346 5347 5399 5404 5491 5497 7276 7294 7296 7320 7329 7341 7342 7346 7350 7355 7364 7369 7372 7383 7390 7392 7393 7394 7401 7404 7407 7408 7417 7421 7427 7431 7433 7439 7440 7456 7459 7460 7465 7479 7480 7481 7493 7495 7497 7503 7504 7510 7517 7519 7524 7531 7532 7539 7540 7541 7543 7544 7548 7550 7556 7564 7565 7577 7589 7591 7598 7619 
	}
	weather={
	}
}
