
strategic_region={
	id=109
	name="STRATEGICREGION_109"
	provinces={
		27 116 327 362 372 384 403 485 530 579 701 802 807 876 891 900 1001 1003 1011 1022 1068 1069 1127 1129 1274 1303 1428 1475 1531 1712 1796 1826 1855 1864 1921 1935 1939 1971 2005 2009 2043 2082 2105 2314 2348 2351 2361 2381 2426 2518 2588 2625 2700 2716 2797 2807 2812 2830 2898 2951 2968 2988 2997 3016 3024 3095 3123 3138 3238 3250 3264 3362 3391 3424 3540 3701 3720 3759 3806 3807 3809 3861 3923 4060 4102 4201 4222 4312 4353 4459 4484 4515 4545 4563 4659 4789 4795 4827 4972 5118 5134 5147 5160 5220 5233 5324 5328 5351 5415 5455 6786 6809 6822 6853 6865 6872 6879 6885 6891 6894 6899 6952 6956 6972 6979 7008 7009 7013 7017 7020 7025 7027 7048 7049 7059 7071 7072 7076 7077 7085 7098 7107 7116 7125 7134 7139 7140 7146 7170 7174 7189 7198 7227 7240 7244 7249 7251 7259 7261 7282 7299 7300 
	}
	weather={
	}
}
