
strategic_region={
	id=110
	name="STRATEGICREGION_110"
	provinces={
		22 40 86 96 100 135 139 157 230 251 331 337 338 376 401 473 559 588 707 739 742 750 779 782 879 932 1043 1055 1095 1136 1241 1388 1398 1413 1415 1459 1461 1478 1524 1581 1609 1630 1650 1704 1784 1815 1853 1862 1928 1944 1950 1955 2029 2057 2064 2110 2176 2236 2270 2326 2338 2407 2457 2483 2508 2659 2687 2705 2720 2729 2782 2800 2864 2901 3007 3111 3122 3156 3201 3274 3283 3294 3314 3353 3394 3469 3482 3564 3572 3573 3583 3589 3596 3655 3675 3737 3741 3770 3780 3852 3896 3960 3962 3964 3969 3979 3989 4074 4129 4166 4180 4242 4275 4321 4329 4337 4413 4421 4537 4575 4658 4665 4672 4698 4713 4807 4810 4877 4979 5075 5184 5225 5300 5357 5366 5375 5384 5405 6722 6725 6738 6744 6760 6763 6766 6774 6775 6779 6782 6792 6798 6823 6827 6831 6834 6835 6843 6849 6851 6852 6857 6860 6861 6863 6866 6878 6883 6895 6905 6918 6919 6920 6921 6925 6928 6931 6940 6943 6944 6946 6950 6955 6957 6960 6965 6967 6973 6974 6982 6983 6997 7002 7005 7019 7021 7026 7050 7053 7060 7067 7081 7090 7092 7103 7104 7110 7119 7136 7150 7152 7160 7171 7183 7199 7212 7220 7237 7255 7266 7279 7285 7313 
	}
	weather={
	}
}
