
strategic_region={
	id=111
	name="STRATEGICREGION_111"
	provinces={
		34 357 472 556 574 591 819 840 846 880 890 930 961 991 1053 1057 1067 1102 1181 1295 1384 1431 1453 1454 1496 1535 1617 1677 1695 1869 1879 1963 2012 2049 2063 2148 2207 2267 2316 2321 2390 2436 2480 2564 2691 2694 2702 2722 2821 2840 2881 2942 3000 3067 3106 3167 3171 3241 3246 3251 3288 3318 3389 3511 3545 3567 3593 3633 3688 3736 3752 3765 3924 3929 4039 4067 4158 4165 4247 4362 4363 4403 4456 4475 4550 4558 4560 4605 4703 4842 4905 4928 4946 5060 5084 5143 5150 5236 5237 5259 5297 5315 5382 5394 5435 5451 6338 6348 6352 6355 6360 6364 6382 6392 6404 6412 6413 6437 6440 6446 6450 6470 6476 6477 6482 6483 6489 6499 6507 6509 6510 6511 6516 6518 6534 6537 6541 6560 6563 6564 6568 6580 6591 6596 6622 6623 6625 6651 6652 6656 6659 6660 6666 6676 6677 6678 6686 6688 6689 6691 6700 6703 6728 6743 6758 
	}
	weather={
	}
}
