
strategic_region={
	id=112
	name="STRATEGICREGION_112"
	provinces={
		10 17 19 78 83 97 154 169 176 180 213 217 224 313 320 326 344 407 412 426 455 466 470 471 484 490 499 511 531 550 551 552 600 601 636 659 667 686 688 747 755 761 927 940 1014 1019 1025 1096 1128 1135 1212 1331 1335 1355 1433 1468 1470 1480 1484 1493 1502 1511 1529 1533 1541 1554 1558 1610 1616 1625 1627 1642 1667 1669 1681 1691 1693 1702 1726 1743 1777 1785 1871 1890 1906 1907 1923 1925 1943 1953 1980 2000 2031 2094 2126 2127 2144 2174 2185 2199 2259 2281 2283 2327 2370 2395 2430 2444 2517 2549 2568 2590 2592 2603 2612 2629 2638 2646 2684 2719 2743 2780 2801 2826 2831 2841 2861 2894 2909 3032 3034 3045 3064 3086 3118 3141 3213 3265 3304 3330 3332 3333 3338 3364 3383 3435 3461 3468 3471 3472 3480 3536 3550 3556 3768 3799 3876 3897 3922 3978 3985 3987 4006 4036 4063 4197 4296 4301 4308 4311 4340 4364 4419 4463 4467 4477 4487 4490 4497 4520 4612 4623 4649 4678 4692 4712 4726 4817 4849 4930 4940 4951 4976 5045 5072 5106 5111 5137 5149 5170 5173 5186 5223 5226 5267 5277 5293 5329 5402 5449 5459 5839 5848 5891 5892 5894 5898 5904 5905 5910 5918 5924 5925 5930 5938 5951 5953 5959 5960 5963 5964 5987 5991 6004 6007 6011 6012 6017 6022 6025 6026 6031 6033 6041 6042 6045 6046 6047 6058 6059 6070 6071 6073 6076 6079 6080 6087 6090 6095 6097 6102 6110 6113 6115 6123 6129 6132 6143 6150 6151 6156 6176 6177 6179 6182 6186 6187 6192 6193 6230 6238 6240 6244 6252 6260 6262 6269 6271 6275 6277 6292 6296 6301 6307 6318 6329 6341 6344 6351 6359 6377 6379 6381 6385 6403 6405 6408 6435 6439 6449 6468 6513 6514 6533 6538 6552 6570 6571 6577 6594 6595 6633 6644 6655 
	}
	weather={
	}
}
