
strategic_region={
	id=114
	name="STRATEGICREGION_114"
	provinces={
		1226 3854 8559 8743 9214 9258 10248 10340 10576 10580 10636 10738 10854 11161 11534 11564 11600 12705 12772 13268 13417 13590 13597 13608 13713 13765 13848 13878 13962 14033 14167 14239 14290 14349 14453 14517 14738 14789 14854 14963 15118 15486 15572 15578 15614 15677 15730 16961 17002 17053 17078 17082 17097 17100 17113 17147 17172 17176 17189 17228 17232 17253 17277 17299 17312 17328 17358 
	}
	naval_terrain=water_shallow_sea
	weather={
	}
}
