
strategic_region={
	id=115
	name="STRATEGICREGION_115"
	provinces={
		7 3301 3387 5445 6061 6121 8764 8973 9601 9629 9743 9861 10251 10447 10462 10521 10600 10671 10707 10864 11001 11281 11424 11440 11496 11667 11915 11949 12061 12122 12126 12135 12176 12562 12682 12724 12742 12823 12864 12881 12967 13024 13080 13598 13691 13888 13909 13959 13980 14186 14256 14374 14537 14542 14548 14608 14914 14936 14972 15096 15134 15137 15430 15471 15560 15582 15662 15905 15979 16279 16305 16309 16320 16344 16348 16352 16360 16388 16405 16408 16420 16436 16440 16467 16481 16508 
	}
	naval_terrain=water_deep_ocean
	weather={
	}
}
