
strategic_region={
	id=119
	name="STRATEGICREGION_119"
	provinces={
		48 149 236 287 305 424 489 509 526 676 837 849 1117 1186 1228 1253 1313 1323 1370 1636 1662 1856 1870 1957 2058 2097 2410 2643 2703 2908 2991 3131 3159 3259 3416 3661 3731 3734 3743 3826 3973 4198 4290 4635 4730 4856 5037 5117 5151 6768 6799 6825 6828 6846 6850 6902 6916 6924 6933 6935 6941 6959 6984 6988 6990 7003 7024 7029 7032 7036 7043 7046 7055 7061 7062 7082 7091 7117 7122 8434 8436 9162 9541 9789 10805 10884 10983 11140 11354 11446 11547 11569 11697 11725 11868 11918 12111 12427 12476 12704 12850 12897 12983 13490 13511 13580 13612 13643 13792 14050 14074 14289 14425 14654 14971 15013 15014 15224 15266 15702 15783 15793 15832 15840 15920 16757 16760 16772 16779 16790 16864 16900 16918 16935 16975 16990 16991 16996 
	}
	naval_terrain=water_fjords
	weather={
	}
}
