
strategic_region={
	id=120
	name="STRATEGICREGION_120"
	provinces={
		394 959 1026 1122 1199 2107 2278 2640 2713 3239 3558 3561 3682 3980 4749 4895 4942 6419 6454 6474 6481 6496 6740 6751 6755 6762 6780 6790 6802 8460 8760 8865 8951 9043 9128 9246 9708 9755 9867 10024 10040 10052 10196 10261 10425 10448 10804 10843 10916 10941 11032 11048 11234 11269 11291 11477 11662 11684 11916 12064 12173 12402 12421 12577 12614 12622 12626 12666 12792 13088 13287 13398 13471 13603 13825 13871 14042 14085 14127 14130 14221 14236 14338 14409 14940 15144 15202 15449 15948 16004 16444 16450 16459 16465 16482 16486 16530 16532 16539 16563 16578 16580 16587 16592 16608 16631 16643 16698 16701 16711 16718 16720 16742 16771 16782 16799 16819 
	}
	naval_terrain=water_shallow_sea
	weather={
	}
}
