
strategic_region={
	id=121
	name="STRATEGICREGION_121"
	provinces={
		582 611 725 1100 1118 1246 1559 2345 2626 2718 2725 2895 3148 3552 3863 3893 4114 4293 4804 4824 4955 5028 5096 5098 5162 5280 5349 6159 6165 6172 6201 6210 6221 6231 6246 6258 6263 6302 6305 6319 6321 9234 9461 9688 10099 10491 11220 11551 12255 12898 13084 13113 13194 13799 13920 14233 14398 14717 15157 15253 15325 15368 15414 15679 15725 15774 15820 15862 16386 16399 16409 16422 16452 16487 16503 16521 16525 16533 16607 
	}
	naval_terrain=water_shallow_sea
	weather={
	}
}
