
strategic_region={
	id=122
	name="STRATEGICREGION_122"
	provinces={
		8468 8475 8679 8756 8784 8834 8875 8960 8993 9059 9189 9199 9204 9273 9283 9336 9340 9354 9424 9432 9466 9496 9519 9563 9656 9700 9855 10080 10210 10549 10680 10752 10767 11240 11246 11686 11763 11999 12144 12395 12409 12716 12786 12886 12920 13064 13128 13441 13707 13743 13833 14063 14240 14341 14807 14901 15319 15367 15456 15661 15992 17020 17063 17101 17111 17362 17364 17404 17405 
	}
	naval_terrain=water_deep_ocean
	weather={
	}
}
