
strategic_region={
	id=123
	name="STRATEGICREGION_123"
	provinces={
		8488 8554 8907 9233 9371 9420 9631 9833 9925 10002 10014 10698 10710 10747 10812 10887 11030 11133 11228 11448 11453 11530 11716 11784 11912 12051 12120 12372 12570 12890 13072 13117 13140 13217 13225 13654 13915 14097 14216 14505 14601 14621 14804 15015 15136 15256 15288 15336 15353 15429 15557 16027 16028 16044 16050 16061 16071 16074 16085 16086 16091 16098 16124 16142 16147 
	}
	naval_terrain=water_shallow_sea
	weather={
	}
}
