
strategic_region={
	id=125
	name="STRATEGICREGION_125"
	provinces={
		9155 9191 9330 9350 9403 9665 9808 9899 9900 9999 10027 10142 10445 10465 10611 10670 10777 10926 10992 11088 11267 11317 11375 11582 11874 11913 12048 12178 12249 12265 12446 12504 12624 12649 12757 12876 12903 12942 12974 13012 13079 13129 13226 13432 13472 13682 13956 14150 14276 14545 14586 14671 14720 14880 15016 15412 15584 15739 15871 15895 16277 16300 16321 16336 16345 16355 16358 16376 16387 16393 16424 16451 16458 16461 16468 16477 16490 16523 16538 16548 
	}
	naval_terrain=water_deep_ocean
	weather={
	}
}
