
strategic_region={
	id=127
	name="STRATEGICREGION_127"
	provinces={
		345 388 1332 1812 2360 2424 2697 2883 3442 3895 6170 6195 6202 6211 6213 6247 6248 6268 6309 8462 8675 8690 8886 8899 9846 9971 10180 11137 11239 11287 11325 11790 11811 11812 12209 12293 12346 12347 12557 12683 12694 12749 12980 13075 13081 13101 13175 13179 13279 13286 13609 13902 13932 14281 14344 14350 14711 14718 14869 15036 15140 15201 15357 15363 15586 15691 15712 16196 16220 16226 16235 16280 16296 16304 16319 16339 16365 16381 16384 16413 16423 16430 16439 16462 16509 
	}
	naval_terrain=water_shallow_sea
	weather={
	}
}
