
strategic_region={
	id=128
	name="STRATEGICREGION_128"
	provinces={
		977 1842 2136 2291 2925 3514 3523 4270 6639 6664 6692 6721 6734 8657 9788 9875 9913 10058 10523 10575 10734 10823 10932 11004 11630 11797 11841 12132 12384 12902 12908 12952 13099 13295 13489 13601 13734 13736 13865 13899 14110 14237 14253 14259 14320 14451 14980 15094 15188 15226 15428 15446 15503 15640 15738 15885 16660 16663 16665 16691 16707 16712 16759 16764 16784 16812 16859 
	}
	naval_terrain=water_deep_ocean
	weather={
	}
}
