
strategic_region={
	id=131
	name="STRATEGICREGION_131"
	provinces={
		8513 8688 8709 8719 8851 8965 8967 8976 9018 9033 9134 9187 9252 9290 9436 9501 9657 9689 9768 10012 10231 10378 10472 10560 10754 11132 11150 11256 11320 11415 11428 11483 11554 11643 11685 11801 11994 12149 12179 12417 12766 12817 12830 12907 13312 13453 13461 13883 14053 14093 14108 14331 14416 14543 14577 14827 15080 15119 15207 15302 15326 15462 16371 16403 16427 16428 16455 16484 16583 16593 16634 
	}
	naval_terrain=water_deep_ocean
	weather={
	}
}
