
strategic_region={
	id=133
	name="STRATEGICREGION_133"
	provinces={
		57 276 302 425 488 609 869 972 996 1064 1160 1261 1263 1291 1602 1724 1868 1886 2098 2191 2235 2304 2371 2413 2511 3081 3119 3229 3408 3417 3443 3476 3785 3830 3870 4106 4128 4209 4282 4305 4508 4834 4904 4910 5002 5126 5174 5242 5318 5494 5502 5542 5548 5550 5554 5555 5559 5562 5566 5567 5585 5591 5597 5598 5610 5611 5616 5620 5631 5632 5640 5675 5756 8598 8645 9205 9596 9692 10015 10078 10079 10177 10513 10532 10534 10567 10587 10661 10920 11177 11219 11244 11272 11350 11420 11772 11855 11880 12367 12454 12515 12604 12613 12695 12739 12909 13010 13294 13320 13399 13648 13846 13879 13955 13964 14010 14034 14071 14143 14329 14332 14400 14569 14682 14749 14932 14942 15042 15097 15109 15233 15251 15281 15331 15338 15410 15436 15474 15529 15531 15616 15618 15743 15773 16039 16040 16041 16042 16043 16045 16048 16049 16053 16056 16057 16058 16059 16060 16065 16068 16072 16075 16076 16080 16089 16092 16095 16104 
	}
	naval_terrain=water_shallow_sea
	weather={
	}
}
