
strategic_region={
	id=134
	name="STRATEGICREGION_134"
	provinces={
		1088 2374 3658 3747 5006 6282 6306 6314 6342 6354 6374 6389 8660 8667 8820 9051 9062 9414 9494 9682 9734 9759 10454 10713 10848 10902 10933 10952 11114 11338 11473 11501 11657 11694 11936 12005 12084 12363 12425 12553 12674 12727 12858 13023 13383 13421 13565 13700 14036 14075 14169 14436 14559 14752 14939 15009 15159 15457 15705 16406 16416 16426 16437 16441 16460 16476 16480 16493 16516 16517 16528 16537 
	}
	naval_terrain=water_deep_ocean
	weather={
	}
}
