
strategic_region={
	id=135
	name="STRATEGICREGION_135"
	provinces={
		8454 8517 8844 8873 8942 9101 9245 9333 9338 9373 9695 9733 9838 10081 10085 10555 10564 10705 10720 10770 11135 11165 11391 11700 11798 12327 12481 12534 12539 12638 12655 12767 12794 13198 13362 13446 13619 13861 14038 14238 14288 14534 14591 14677 14997 15293 15382 15435 15635 15669 15838 15896 16047 16077 16105 16118 16120 16139 16149 16155 16164 16183 16187 16200 16240 16269 
	}
	naval_terrain=water_shallow_sea
	weather={
	}
}
