
strategic_region={
	id=136
	name="STRATEGICREGION_136"
	provinces={
		8459 8670 8697 8699 8751 8803 8811 8954 8980 9192 9275 9641 9660 9674 9719 9795 9807 10005 10043 10294 10303 10382 10533 10581 10610 10651 10664 10990 11035 11068 11105 11125 11380 11454 11619 11727 11845 11907 12256 12375 12591 12596 12670 12940 13048 13069 13132 13329 13486 13653 13810 13824 13933 14182 14282 14459 14572 14781 14797 14852 14873 15034 15131 15139 15217 15315 15443 15561 15923 16205 16236 16255 16275 16291 16299 16338 16356 16379 16396 16410 16443 
	}
	naval_terrain=water_deep_ocean
	weather={
	}
}
