
strategic_region={
	id=137
	name="STRATEGICREGION_137"
	provinces={
		8536 8724 8755 8836 8917 9278 9291 9381 9652 9781 9957 10214 10252 10477 10478 10542 10590 10646 10672 10891 11039 11699 11820 11945 12054 12083 12180 12321 12382 12565 12842 12861 12924 13000 13060 13118 13382 13390 13397 13408 13556 13620 13660 13798 13814 13840 14328 14432 14493 14598 14989 15018 15023 15135 15163 15212 15235 15282 15588 15629 16017 16083 16093 16099 16100 16113 16127 16129 16131 16134 16140 16145 16153 16156 16160 16171 16176 16191 16195 16199 16208 16250 
	}
	naval_terrain=water_shallow_sea
	weather={
	}
}
