
strategic_region={
	id=138
	name="STRATEGICREGION_138"
	provinces={
		716 1432 1624 3877 5470 6265 6378 6399 6400 6451 8520 8771 8909 9058 9590 9600 10244 10562 10909 10947 11094 11100 11164 11306 11566 11573 11679 11705 11996 12243 12315 12340 12442 12576 12625 12862 13157 13288 13566 13802 13815 13967 13998 14029 14062 14095 14176 14520 14521 14658 14679 14968 15571 15636 15676 15876 16404 16435 16447 16449 16463 16466 16483 16489 16497 16519 16544 16566 16591 16598 16615 16637 16651 
	}
	naval_terrain=water_shallow_sea
	weather={
	}
}
