
strategic_region={
	id=139
	name="STRATEGICREGION_139"
	provinces={
		8603 8702 8795 8837 8901 8961 9090 9110 9251 9390 9467 9525 9679 10086 10091 10114 10225 10408 10494 10507 10579 10653 10799 10814 10922 10957 11237 11519 11832 11850 11998 12074 12251 12330 12377 12416 12738 12958 13167 13491 13605 14249 14301 14407 14627 14814 14865 14915 14962 15102 15328 15453 15513 15538 15541 15947 17788 17867 17873 17877 17897 17899 17932 17935 17968 17980 17987 18006 18030 18035 18113 
	}
	naval_terrain=water_shallow_sea
	weather={
	}
}
