
strategic_region={
	id=140
	name="STRATEGICREGION_140"
	provinces={
		1266 4587 8592 8597 8641 8681 8733 8736 8739 8775 8830 8854 8992 9104 9161 9270 9362 9426 9468 9534 9591 9633 9726 9731 9757 9890 10003 10013 10141 10173 10287 10406 10432 10657 10715 10954 10995 11126 11136 11139 11275 11401 11467 11584 11689 11711 11799 11851 11971 12012 12268 12317 12365 12393 12469 12634 12708 12965 12981 13239 13240 13285 13337 13416 13452 13527 13531 13704 13756 13813 14094 14104 14141 14171 14199 14565 14597 14632 14795 14864 14931 15206 15296 15425 15605 15747 15769 16037 16038 16064 16070 16112 16126 16136 16180 16190 16198 16206 16210 16221 16228 16232 16258 16285 16289 16308 16323 16324 16328 16337 16364 16372 
	}
	naval_terrain=water_deep_ocean
	weather={
	}
}
