
strategic_region={
	id=141
	name="STRATEGICREGION_141"
	provinces={
		272 328 349 436 476 619 687 781 850 1275 1441 1503 1745 2138 2201 2212 2287 2467 2563 2567 2786 2928 2954 3315 3402 3502 3730 3848 3982 4489 4538 4752 4764 4947 4995 4997 5052 5413 5553 5571 5583 5592 5614 5629 5663 5666 5672 5678 5697 5715 5723 5725 5730 5743 5772 5776 5797 5818 5841 8467 8613 8897 8962 9171 9223 9228 9303 9310 9320 9407 9497 9651 9720 9857 9922 9934 9998 10074 10106 10111 10191 10306 10531 10648 10683 10686 10743 10860 10908 10970 10994 11108 11128 11215 11242 11392 11426 11468 11536 11555 11637 11733 11990 12032 12036 12234 12247 12273 12342 12343 12422 12436 12471 12494 12496 12611 12635 12702 12771 12807 12827 13014 13114 13123 13218 13292 13384 13485 13586 13669 13695 13820 14035 14072 14159 14356 14361 14426 14483 14641 14727 15039 15107 15120 15208 15405 15447 15451 15468 15472 15490 15527 15587 15728 15836 15985 16001 16036 16051 16055 16078 16079 16084 16109 16121 16122 16130 16144 16159 16161 16166 16174 16193 16224 16243 16286 16311 16313 16331 
	}
	naval_terrain=water_deep_ocean
	weather={
	}
}
