
strategic_region={
	id=142
	name="STRATEGICREGION_142"
	provinces={
		8455 8537 8556 8712 8824 8975 9017 9127 9572 9595 9619 9741 9851 9891 10006 10010 10020 10047 10076 10131 10152 10262 10405 10613 10935 11097 11677 11714 11881 11887 11969 12006 12039 12278 12295 12394 12407 12463 12639 12707 12760 12991 13152 13231 13519 13727 13794 14153 14346 14519 14646 14806 15035 15153 15299 15549 15589 15645 15715 15777 15869 16033 16034 16035 16063 16073 16082 16135 16162 16163 16177 
	}
	naval_terrain=water_deep_ocean
	weather={
	}
}
