
strategic_region={
	id=143
	name="STRATEGICREGION_143"
	provinces={
		8456 8532 8615 8634 8853 8872 8885 8989 8995 9075 9280 9386 9404 9490 9565 9650 9760 9822 9920 10095 10103 10115 10208 10228 10245 10256 10384 10751 10905 10910 10949 11024 11027 11040 11099 11156 11373 11403 11497 11632 11633 11795 11842 11849 11876 11884 12185 12302 12452 12546 12675 12744 12866 12934 13003 13093 13111 13234 13319 13338 13359 13593 13681 13718 13757 13874 13922 13975 14194 14195 14606 14725 14769 14793 14874 15078 15358 15427 15548 15632 15958 15974 16020 16204 16212 16214 16223 16256 16268 16288 16294 16295 16329 16334 16342 16346 16350 16385 16397 16398 16421 16438 
	}
	naval_terrain=water_deep_ocean
	weather={
	}
}
