
strategic_region={
	id=145
	name="STRATEGICREGION_145"
	provinces={
		37 140 351 557 598 954 1005 1073 1074 1141 1150 1169 1191 1359 1728 1763 2066 2230 2317 2418 2607 2615 2630 2886 2976 3539 3612 3712 3788 3878 4022 4071 4075 4368 4451 4529 4661 4769 4812 4933 5157 5306 5350 5389 5460 7584 7622 7630 7649 7659 7665 7668 7672 7694 7695 7701 7703 7705 7722 7729 7738 7748 7749 7755 7784 7786 8883 9041 9235 9462 9529 9815 9942 9966 10034 10041 10162 10280 10394 10411 10652 10684 10723 10730 10797 10971 10975 11011 11077 11223 11259 11586 11670 11672 11817 11878 12007 12101 12104 12275 12392 12545 12776 12865 12928 12954 12960 12987 13025 13049 13077 13136 13212 13328 13419 13482 13606 13658 13687 13740 13845 13911 14099 14102 14120 14168 14196 14218 14232 14359 14366 14368 14538 14730 14791 14833 14836 14863 15111 15122 15151 15254 15329 15343 15423 15482 15659 15938 15976 15994 17265 17274 17287 17296 17342 17353 17361 17367 17370 17391 17402 17413 17415 17417 17433 17437 17441 17444 17456 17464 17477 17478 17485 17503 17514 17521 17526 17529 
	}
	naval_terrain=water_shallow_sea
	weather={
	}
}
