
strategic_region={
	id=146
	name="STRATEGICREGION_146"
	provinces={
		8625 8778 9004 9271 9307 9325 9435 9570 9725 10028 10140 10158 10315 10471 10476 10795 10986 11096 11130 11319 11451 11608 12016 12093 12450 12490 12578 12593 12735 12748 12809 13242 13283 13440 13535 13641 13672 13714 13723 14044 14475 14902 15064 15219 15221 15260 15283 15333 15416 15555 15834 15936 15977 16119 16137 16157 16175 16185 16192 16201 16209 16211 16227 16246 16251 16252 16253 16262 
	}
	naval_terrain=water_deep_ocean
	weather={
	}
}
