
strategic_region={
	id=149
	name="STRATEGICREGION_149"
	provinces={
		8502 8535 8551 8731 8787 8790 8884 8898 9170 9173 9297 9305 9326 9721 9724 9784 9963 9968 10291 10388 10457 10498 10525 10547 10623 10624 10626 10802 10943 11037 11066 11455 11532 11653 12019 12071 12312 12331 12345 12360 12433 12542 12893 12912 12975 13016 13047 13105 13171 13402 13439 13613 13836 13989 14200 14444 14463 14609 14906 15040 15245 15499 15597 15634 15813 15853 15929 16022 17690 17732 17803 17842 17861 17874 17988 18021 18032 18046 18061 
	}
	naval_terrain=water_deep_ocean
	weather={
	}
}
