
strategic_region={
	id=15
	name="STRATEGICREGION_15"
	provinces={
		561 842 981 1094 1464 1960 2099 2118 2152 2579 3287 3485 3548 3591 4082 4314 4732 7945 7980 8015 8020 8026 8052 8073 8087 8108 8117 8138 8141 8153 8202 8225 8249 8253 8877 9249 10117 10293 11191 11469 11472 11479 11577 11666 11776 11793 12354 12601 12821 13347 13795 13853 14077 14098 14375 14446 14491 14501 15112 15158 15492 15540 15719 15755 15849 17564 17617 17619 17667 17757 17779 17798 17820 17847 17853 
	}
	naval_terrain=water_shallow_sea
	weather={
	}
}
