
strategic_region={
	id=150
	name="STRATEGICREGION_150"
	provinces={
		8444 8452 8493 8544 8605 8726 8802 8869 8908 8926 9046 9079 9132 9238 9346 9434 9762 9787 9906 9915 9952 10464 10512 10785 10845 11058 11090 11146 11258 11486 11489 11816 11952 11956 11964 11986 12043 12069 12195 12320 12339 12405 12447 12456 12484 12583 12616 12664 12770 12832 12854 13119 13313 13380 13473 13581 13617 13768 13914 14002 14125 14147 14285 14486 14625 14830 14889 15059 15192 15455 15562 15907 16293 16297 16301 16315 16325 16347 16351 16366 16380 16395 16412 16429 16433 16485 16491 16494 16495 16506 16522 16555 
	}
	naval_terrain=water_deep_ocean
	weather={
	}
}
