
strategic_region={
	id=151
	name="STRATEGICREGION_151"
	provinces={
		89 1715 2080 3358 3422 4711 4852 8215 8228 8528 8874 8920 9040 9296 9328 9377 9397 9443 9503 9549 9559 9567 9587 9654 9744 9779 9798 9850 10124 10430 10497 10631 11075 11310 11365 11377 11739 11877 11961 12008 12141 12245 12437 12526 12558 12712 12714 12783 12785 12851 12852 12957 13141 13220 13301 13314 13662 13677 13722 13939 13949 14026 14064 14078 14189 14193 14413 14481 14570 14613 14648 14935 15017 15143 15181 15195 15377 15421 15579 15681 15736 15776 15984 17737 17744 17791 17794 17804 17816 17860 17862 17884 17917 17963 18013 18047 18050 
	}
	naval_terrain=water_deep_ocean
	weather={
	}
}
