
strategic_region={
	id=152
	name="STRATEGICREGION_152"
	provinces={
		255 268 486 1435 1850 1984 2462 2598 2611 2897 2935 3176 3320 3931 3981 4251 4333 4344 4482 4671 4971 5022 5034 7951 7953 7978 7989 7990 8013 8017 8021 8035 8038 8063 8067 8074 8713 8936 9112 9368 9701 10100 10773 11274 11285 11311 11312 11580 11764 12058 12133 12201 12380 12466 12527 12763 13036 13424 13521 13770 13775 13858 14045 14129 14617 14728 14734 15186 15196 15396 15444 15602 15623 15720 15742 15794 15812 15818 17520 17559 17565 17566 17583 17606 17610 17625 17636 17650 17651 17687 
	}
	naval_terrain=water_fjords
	weather={
	}
}
