
strategic_region={
	id=153
	name="STRATEGICREGION_153"
	provinces={
		8458 8542 8565 8627 8691 8694 8701 8777 8781 8904 9125 9140 9302 9380 9382 9505 9623 9636 9893 9954 9992 10168 10185 10288 10361 10403 10485 10644 10787 10962 11017 11081 11167 11227 11340 11516 11771 12055 12118 12163 12396 12419 12420 12457 12685 12718 12847 12875 12926 13342 13367 13385 13567 14255 14295 14404 14556 14809 15045 15164 15289 15522 16317 16330 16373 16382 16383 16431 16445 16453 
	}
	naval_terrain=water_deep_ocean
	weather={
	}
}
