
strategic_region={
	id=154
	name="STRATEGICREGION_154"
	provinces={
		67 756 1311 1889 2159 2384 2509 2593 3082 3438 3495 3696 4170 4203 4221 4509 4652 4690 4987 5020 7906 7931 7969 7975 7986 8053 8081 8106 8144 8163 8180 8201 8207 8289 8449 8789 8856 8895 9511 9697 9817 9962 9980 10018 10151 10197 10220 10236 10479 10763 10800 10903 11121 11282 11384 11588 11706 11750 11959 11984 12002 12269 12306 12538 12567 12594 12605 12607 12737 13126 13868 13951 13988 14207 14260 14306 14314 14342 14552 14579 14743 14766 14877 15032 15037 15236 15404 15417 15432 15539 15775 15975 17557 17595 17607 17659 17669 17688 17709 17729 17762 17789 17799 17821 17836 17850 17863 
	}
	naval_terrain=water_fjords
	weather={
	}
}
