
strategic_region={
	id=155
	name="STRATEGICREGION_155"
	provinces={
		1508 2239 5480 6557 8494 8543 8549 8618 8628 8794 8833 8864 8887 9026 9064 9158 9286 9520 9614 9663 9751 9774 9785 9797 9894 10145 10156 10170 10171 10206 10216 10274 10338 10444 10467 10492 10803 10893 11014 11023 11168 11318 11331 11422 11481 11639 11695 11807 11839 11942 11974 12004 12161 12298 12310 12335 12581 12745 12790 12802 12860 12971 13020 13112 13155 13379 13454 13632 13675 13680 13891 13957 13993 14040 14046 14054 14055 14100 14293 14303 14323 14327 14405 14498 14560 14566 14708 14792 14897 14928 15021 15147 15179 15230 15339 15408 15512 15580 15710 15746 15758 15807 15912 15926 16518 16535 16540 16542 16553 16568 16588 16606 16650 16677 16684 16700 16719 16730 16766 16777 16800 16814 16820 16829 16841 16845 16863 16872 16915 16939 16955 16976 16982 16995 17010 17011 
	}
	naval_terrain=water_deep_ocean
	weather={
	}
}
