
strategic_region={
	id=156
	name="STRATEGICREGION_156"
	provinces={
		339 983 1030 1366 1489 1527 1592 1683 1808 2165 2257 2676 2866 2927 3038 3075 3247 3607 3629 3663 3810 3970 4014 4310 4744 5334 8243 8329 8341 8342 8345 8351 8382 8385 8391 8394 8409 8412 8418 8429 8430 8432 8985 9038 9103 9143 9254 9773 9800 10009 10134 10489 10604 10607 10630 11054 11324 11435 11578 11788 11908 12113 12237 12240 12288 12311 12564 12568 12574 12621 12697 12810 12844 13007 13015 13190 13237 13274 13807 13841 14059 14126 14144 14172 14267 14283 14442 14693 14819 14832 15082 15297 15313 15344 15437 15633 15641 15698 15819 15986 17886 17906 17920 17956 17979 18000 18001 18007 18023 18040 18044 18078 18098 
	}
	naval_terrain=water_fjords
	weather={
	}
}
