
strategic_region={
	id=157
	name="STRATEGICREGION_157"
	provinces={
		21 656 1143 1477 1807 2594 2941 3761 4020 4625 5275 5373 5439 8350 8369 8374 8415 8417 8426 8439 8636 8643 8687 8759 8918 9327 9399 9487 9551 9845 10300 10321 10461 10539 10627 10745 10753 10892 11103 11402 11430 11466 11540 11655 11775 12066 12210 12297 12472 12541 12609 12877 12883 12919 12922 12963 13051 13108 13178 13259 13282 13289 13303 13428 13466 13478 13676 13725 13790 13938 14052 14146 14345 14462 14500 14652 14680 14688 14709 14726 14780 15025 15054 15303 15369 15375 15466 15667 15706 15749 15804 15805 15816 15827 17833 17855 17857 17879 17894 17905 17910 17919 17927 17969 17978 17995 18042 18048 18049 18059 18065 18066 18082 18091 18108 
	}
	naval_terrain=water_fjords
	weather={
	}
}
