
strategic_region={
	id=158
	name="STRATEGICREGION_158"
	provinces={
		45 132 1954 2711 2952 4339 4351 4689 5073 7959 7998 8014 8060 8071 8168 8183 8186 8189 8203 8208 8214 8664 8666 8798 8958 9130 9224 9379 9398 9451 9814 9917 9958 10016 10404 10443 10761 10851 11160 11163 11542 11558 11649 11951 12037 12086 12106 12136 12242 12274 12371 12480 12632 12765 12873 12891 13116 13360 13389 13429 13560 13860 14152 14179 14228 14287 14347 14434 14555 14713 14719 14861 14890 14954 15084 15265 15294 15301 15464 15558 15565 15658 15668 15741 15786 17551 17580 17586 17594 17644 17648 17674 17678 17712 17723 17734 17748 17750 17753 17772 17774 17776 17784 17792 17805 17807 17832 
	}
	naval_terrain=water_fjords
	weather={
	}
}
