
strategic_region={
	id=159
	name="STRATEGICREGION_159"
	provinces={
		8469 8525 8566 8582 8609 8616 8629 8776 8804 8806 9054 9071 9197 9241 9375 9455 9521 9664 9737 9758 9763 9844 9886 9979 10083 10259 10335 10577 10595 10786 10850 10868 10889 11029 11033 11089 11225 11243 11438 11499 11599 11703 11736 11890 11958 11963 12063 12072 12105 12110 12215 12313 12571 12659 12843 12945 13038 13153 13277 13327 13506 13587 14090 14220 14291 14567 14612 14896 15172 15214 15479 15921 15972 17722 17731 17738 17782 17822 17828 17880 17918 17955 17962 17977 18024 18033 18051 18109 
	}
	naval_terrain=water_deep_ocean
	weather={
	}
}
