
strategic_region={
	id=16
	name="STRATEGICREGION_16"
	provinces={
		14 238 343 371 926 1156 1218 2067 2087 2192 2302 2392 2669 3022 3135 3139 3256 3267 3501 3783 3802 3902 3955 4178 4226 4430 4638 4755 5089 5172 5332 7623 7664 7675 7677 7697 7717 7747 7758 7760 7762 7794 7813 7814 7863 8587 8650 8651 8780 9076 9211 9447 9509 9936 10249 10423 10511 10984 11260 11462 11507 11606 11660 11802 11931 12090 12586 12895 12946 13549 13896 14304 14532 14639 14778 14831 15124 15383 15568 15585 15596 17264 17276 17284 17301 17304 17325 17333 17349 17356 17360 17386 17408 17424 17429 17447 17450 17466 17467 
	}
	naval_terrain=water_fjords
	weather={
	}
}
