
strategic_region={
	id=160
	name="STRATEGICREGION_160"
	provinces={
		8735 8788 8841 8939 8978 9201 9341 9383 9384 9427 9473 9639 9889 9909 10098 10181 10268 10276 10360 10401 10717 10809 10830 11019 11293 11372 11405 11613 11683 11759 11777 11929 12079 12211 12528 12750 12857 12900 12915 13054 13133 13154 13306 13370 13462 13564 13731 13764 13779 13918 13923 13924 14277 14355 14396 14449 14503 14561 14645 14653 14799 14969 15798 15874 15990 17945 17950 17966 17973 17985 17986 17990 17992 17999 18004 18027 18041 18052 18073 18075 18092 18110 18115 
	}
	naval_terrain=water_deep_ocean
	weather={
	}
}
