
strategic_region={
	id=161
	name="STRATEGICREGION_161"
	provinces={
		8461 8495 8496 8545 8564 8567 8738 8772 8945 8990 9009 9142 9221 9352 9463 9710 9732 9951 9969 10022 10033 10089 10096 10187 10390 10416 10460 10565 10755 10863 10944 10967 10996 11006 11153 11305 11362 11381 11552 11563 11676 11888 11947 11980 12099 12434 12600 12602 12758 12892 13102 13124 13192 13208 13275 13442 13542 13547 13631 13726 13742 13788 13804 13942 13992 14154 14367 14373 14389 14391 14509 14525 14599 14667 14715 14722 14764 14813 14871 14898 15113 15431 15519 15551 15686 15795 15803 15875 15937 17895 17898 17904 17908 17923 17925 17928 17936 17937 17940 17954 17960 17971 17975 17983 17996 18002 18018 18034 18079 18085 18088 18089 18116 
	}
	naval_terrain=water_deep_ocean
	weather={
	}
}
