
strategic_region={
	id=162
	name="STRATEGICREGION_162"
	provinces={
		398 632 2570 3360 5029 5042 8187 8238 8505 8591 8640 8761 8801 8986 9031 9168 9230 9277 9315 9400 9428 9699 9752 9830 9869 9914 10067 10166 10330 10419 10505 10526 10582 10621 10719 10733 10840 10853 10867 11056 11158 11211 11474 11515 11523 11527 11594 11682 11701 11709 11835 11914 11978 12047 12095 12164 12281 12376 12486 12549 12706 12814 12831 12885 12916 12944 13195 13230 13255 13376 13391 13405 13415 13430 13533 13646 13685 13689 13720 13850 13873 13901 13936 13982 14204 14241 14268 14433 14504 14516 14582 14681 14737 14812 14839 14988 15049 15060 15114 15222 15362 15379 15452 15494 15510 15542 15660 15694 15760 15826 15900 17591 17603 17637 17642 17645 17670 17680 17682 17699 17708 17711 17717 17740 17745 17747 17767 17775 17777 17786 17801 17802 17817 17831 17839 17844 17881 17882 
	}
	naval_terrain=water_deep_ocean
	weather={
	}
}
