
strategic_region={
	id=163
	name="STRATEGICREGION_163"
	provinces={
		400 615 1172 1254 1305 1410 1649 2650 2755 2761 2779 3347 3370 3534 3542 3674 3733 4015 4092 4144 4694 4882 4985 5023 5125 5314 5380 8010 8027 8029 8054 8057 8077 8088 8132 8194 8212 8229 8236 8504 8607 8678 8783 8911 8937 9074 9150 9151 9288 9357 9624 9627 9740 9782 9898 9945 9953 9960 9986 10172 10240 10347 10391 10417 10418 10455 10502 10546 10742 10748 10757 10828 10841 10858 11065 11120 11124 11188 11198 11249 11295 11315 11316 11459 11546 11654 11773 11822 11917 12015 12035 12153 12253 12285 12309 12397 12459 12569 12580 12636 12769 13209 13304 13326 13423 13477 13568 13579 13712 13776 13819 13867 13903 14025 14058 14148 14188 14275 14317 14381 14390 14421 14568 14644 14662 14910 14946 14994 15117 15198 15250 15258 15334 15361 15370 15502 15914 15967 15988 15997 17597 17609 17615 17632 17633 17652 17675 17689 17720 17733 17742 17746 17763 17769 17780 17785 17793 17797 17808 17809 17813 17815 17827 17830 17834 17838 17843 17851 17887 17893 17907 17913 
	}
	naval_terrain=water_shallow_sea
	weather={
	}
}
