
strategic_region={
	id=167
	name="STRATEGICREGION_167"
	provinces={
		8514 8677 8727 8786 8971 9068 9342 9359 9453 9598 9646 9828 9864 9950 9997 10066 10110 10186 10421 10427 10435 10548 10571 10687 10701 10766 10780 10846 11115 11190 11207 11387 11749 11864 12023 12139 12169 12226 12257 12319 12478 12863 13066 13196 13634 13745 13887 14151 14250 14353 14530 14640 14884 15133 15332 15478 15536 15563 15637 15716 15754 15857 16003 16609 16625 16644 16645 16655 16661 16668 16672 16699 16721 16728 16735 16748 16788 16805 16839 
	}
	naval_terrain=water_deep_ocean
	weather={
	}
}
