
strategic_region={
	id=169
	name="STRATEGICREGION_169"
	provinces={
		8577 8578 8599 8644 8705 8871 8959 9047 9108 9156 9215 9272 9479 9544 9684 9805 9866 9948 9970 9989 10048 10625 10919 10934 11134 11538 11609 11813 11834 12011 12062 12162 12314 12398 12413 12618 12641 12661 12824 12838 12998 13050 13055 13183 13388 13467 13584 13637 13772 13809 13904 14061 14588 14594 14683 14704 14768 14802 14823 14967 15033 15269 15371 15450 15470 15516 15644 15787 15828 15899 15940 17310 17344 17351 17377 17395 17416 17425 17436 17451 17454 17465 17474 17479 17500 17532 17546 17581 17589 17600 17604 17627 17640 17646 
	}
	naval_terrain=water_deep_ocean
	weather={
	}
}
