
strategic_region={
	id=170
	name="STRATEGICREGION_170"
	provinces={
		8464 8563 8680 8686 8818 9016 9030 9035 9107 9149 9306 9361 9387 9489 9504 9750 9754 9827 10154 10393 10397 10515 10638 10675 10689 10692 10696 10873 10914 10972 11224 11400 11411 11624 11713 12088 12127 12142 12151 12206 12627 12681 12710 12872 12882 12889 12918 13062 13092 13222 13238 13260 13308 13404 13445 13497 13514 13960 14056 14229 14607 14920 15316 15394 15422 15485 15501 15532 15554 15711 15966 17036 17052 17061 17075 17079 17119 17134 17143 17159 17174 17190 17202 17338 17375 17418 17563 
	}
	naval_terrain=water_deep_ocean
	weather={
	}
}
