
strategic_region={
	id=171
	name="STRATEGICREGION_171"
	provinces={
		8457 8463 8631 8890 8935 9169 9367 9507 9569 9863 9868 9933 9940 9946 10135 10328 10422 10495 10810 10837 10959 10993 11038 11082 11129 11235 11342 11361 11457 11571 11896 11935 11968 12065 12146 12379 12644 12746 12796 12956 12990 12999 13028 13271 13302 13336 13715 13954 14123 14247 14376 14410 14447 14796 14846 14975 15058 15141 15149 15390 15420 15649 15671 15724 15740 15859 15959 17032 17047 17055 17059 17068 17085 17087 17109 17114 17122 17141 17154 17155 17162 17210 17247 17249 17254 17278 17294 
	}
	naval_terrain=water_deep_ocean
	weather={
	}
}
