
strategic_region={
	id=173
	name="STRATEGICREGION_173"
	provinces={
		649 3105 4923 6684 6730 6733 8526 8529 8534 8730 8891 8968 9164 9440 9694 9702 9896 9928 10035 10105 10278 10469 10487 10570 10572 10642 10740 10784 10951 10963 11152 11166 11200 11202 11264 11427 11436 11549 11809 11921 12029 12124 12316 12389 12400 12429 12508 12584 12617 12678 12688 13065 13252 13334 13558 13595 13668 13690 13885 13916 13952 14004 14076 14348 14357 14524 14917 14925 15104 15349 15477 15575 15824 15882 15889 15894 16597 16646 16653 16681 16706 16731 16743 16752 16770 16785 16801 16817 16838 16853 
	}
	naval_terrain=water_deep_ocean
	weather={
	}
}
