
strategic_region={
	id=174
	name="STRATEGICREGION_174"
	provinces={
		8596 8602 8624 8639 8648 8695 9072 9210 9227 9274 9396 9527 9783 9856 9987 10039 10060 10068 10199 10392 10463 10574 10749 10768 10956 10965 11620 11762 11824 12390 12630 12646 12671 12800 12937 13344 13659 14017 14339 14362 14820 14826 14844 14862 14958 14984 15123 15152 15395 15465 15581 15675 15695 15732 16002 17318 17336 17390 17432 17438 17449 17457 17502 17593 17601 17613 
	}
	naval_terrain=water_deep_ocean
	weather={
	}
}
