
strategic_region={
	id=175
	name="STRATEGICREGION_175"
	provinces={
		2665 4213 7379 7400 7405 8562 8575 8586 8906 8914 9032 9093 9095 9281 9329 9345 9395 9558 9581 9586 9638 9823 9854 10042 10148 10201 10219 10363 10437 10475 10496 10510 10520 10615 10674 10735 10827 10875 11049 11204 11398 11491 11708 11742 11872 11891 11899 11910 11957 12017 12018 12092 12160 12189 12418 12423 12544 12585 12696 12709 12774 13449 13455 13592 13596 13778 13882 13890 14271 14437 14786 14849 14949 14985 15386 15615 15726 15791 15886 15925 15928 15943 16942 17044 17050 17071 17086 17116 17124 17150 17169 17195 17207 17223 17246 17268 
	}
	naval_terrain=water_deep_ocean
	weather={
	}
}
