
strategic_region={
	id=176
	name="STRATEGICREGION_176"
	provinces={
		8617 8682 8770 8850 8913 8915 9002 9039 9061 9066 9183 9216 9347 9406 9457 9488 9552 9793 9816 9821 10109 10242 10264 10308 10358 10758 10931 11302 11356 11518 11522 11585 11591 11636 11652 11843 11883 11988 12290 12501 12590 12610 12874 13042 13224 13369 13577 14091 14435 14589 14731 14821 14979 15029 15176 15442 15583 15611 15639 15727 15748 17280 17352 17368 17389 17400 17403 17484 17540 17552 17572 17584 17621 
	}
	naval_terrain=water_deep_ocean
	weather={
	}
}
