
strategic_region={
	id=177
	name="STRATEGICREGION_177"
	provinces={
		8443 8499 8515 8623 8635 8840 8846 8946 8966 9163 9202 9597 9634 9667 9756 10046 10054 10064 10161 10184 10241 10250 10263 10292 10656 10724 10736 10807 11002 11026 11043 11230 11595 11852 11854 11953 11966 12107 12159 12282 12352 12477 12848 12943 13004 13291 13425 13451 13552 13897 14092 14392 14431 14477 14522 14581 14615 14750 14840 14913 15239 15277 15300 15573 15598 15868 17324 17337 17382 17383 17409 17419 17452 17486 17494 17510 17548 17578 
	}
	naval_terrain=water_deep_ocean
	weather={
	}
}
