
strategic_region={
	id=178
	name="STRATEGICREGION_178"
	provinces={
		8451 8558 8714 8827 8867 9109 9159 9419 9560 9606 9937 10017 10129 10136 10183 10195 10284 10350 10383 10554 10649 10690 10691 10716 10969 10985 11031 11199 11610 11803 11873 12024 12041 12148 12277 12303 12514 13392 13709 13821 13966 14067 14178 14333 14412 14492 14587 14675 14922 15364 15384 15402 15469 15814 16512 16513 16543 16549 16572 16599 16610 16614 16630 16640 16702 16710 
	}
	naval_terrain=water_deep_ocean
	weather={
	}
}
