
strategic_region={
	id=179
	name="STRATEGICREGION_179"
	provinces={
		8501 8527 8612 8676 8745 8812 8953 9022 9084 9152 9279 9343 9364 9365 9410 9604 9675 9718 9843 9929 10150 10265 10356 10509 10569 10620 10865 10980 11016 11254 11334 11410 11433 11470 11535 11615 11726 11792 12045 12495 12551 12677 13104 13426 13849 14135 14183 14185 14318 14343 14360 14430 14467 14511 14564 14576 14825 14905 14930 14978 15184 15244 15273 15351 15483 15500 15595 15858 16442 16473 16550 16573 16602 16690 16762 16767 16778 16780 
	}
	naval_terrain=water_deep_ocean
	weather={
	}
}
