
strategic_region={
	id=180
	name="STRATEGICREGION_180"
	provinces={
		4068 4072 8485 8758 8994 9019 9081 9086 9212 9263 9289 9301 9332 9360 9417 9495 9617 9717 9727 9738 9745 9780 9794 9818 9993 10094 10295 10333 10412 10557 10596 10764 10769 10811 10819 10844 10918 10973 11021 11034 11069 11102 11155 11179 11250 11263 11335 11368 11514 11717 11722 11743 11847 12387 12426 12468 12475 12521 12680 12752 12791 12812 12826 13249 13273 13280 13318 13348 13444 13450 13503 13550 13630 13754 14012 14041 14118 14164 14165 14307 14420 14540 14592 14595 14697 14744 14815 14856 14893 15067 15088 15148 15441 15459 15919 15932 15957 15969 16019 16977 16978 16986 17045 17051 17064 17072 17088 17092 17095 17125 17157 17191 17196 17200 17209 17212 17216 17227 17234 17235 17260 17269 
	}
	naval_terrain=water_deep_ocean
	weather={
	}
}
