
strategic_region={
	id=184
	name="STRATEGICREGION_184"
	provinces={
		3162 4801 8555 8593 8654 9153 9196 9236 9311 9441 9506 9583 9644 9687 9690 9819 9829 9849 10044 10123 10198 10254 10396 10504 10514 10545 10665 10728 10852 10911 10938 11506 11528 11596 11648 11664 11869 12198 12640 12901 12950 12992 13110 13349 13412 13591 14060 14082 14088 14160 14487 14628 14642 14747 14808 14870 14921 15007 15228 15237 15380 15493 15553 15576 15904 15946 17038 17144 17145 17167 17197 17204 17219 17233 17243 17258 17314 
	}
	naval_terrain=water_deep_ocean
	weather={
	}
}
