
strategic_region={
	id=2
	name="STRATEGICREGION_2"
	provinces={
		85 94 137 214 297 464 537 569 618 629 830 1018 1059 1146 1310 1587 1606 1738 1846 2001 2070 2109 2124 2158 2168 2245 2329 2339 2434 2631 2649 2910 2962 3130 3150 3237 3350 3621 3829 4073 4093 4154 4341 4409 4423 4466 4469 4675 4736 4872 4886 5025 5057 5114 5142 5153 5227 5229 5301 8118 8265 8279 8295 8300 8301 8306 8319 8326 8327 8335 8336 8338 8339 8343 8344 8348 8349 8354 8359 8363 8365 8366 8367 8375 8377 8378 8387 8390 8392 8399 8401 8402 
	}
	weather={
	}
}
