
strategic_region={
	id=23
	name="STRATEGICREGION_23"
	provinces={
		59 172 364 640 887 941 1028 1087 1115 1203 1437 1482 2135 2229 2354 2379 2466 2775 2815 3080 3255 3289 3510 3717 4501 4663 4700 4814 4844 5183 5255 5313 5438 6420 6421 6426 6462 6463 6486 6517 6550 6567 6572 6573 6585 6586 6609 6630 6634 6635 6680 6701 8508 9176 9266 10004 10026 10484 10700 10808 10813 11513 11647 11965 12053 12403 12451 12673 12693 12789 12818 13011 13299 13635 13665 13862 14083 14531 14739 14941 15050 15356 15617 15714 15767 15942 16007 16613 16627 16641 16649 16671 16680 16689 16705 16708 16713 16733 16734 
	}
	naval_terrain=water_fjords
	weather={
	}
}
