
strategic_region={
	id=24
	name="STRATEGICREGION_24"
	provinces={
		8710 8829 8983 9069 9178 9186 9239 9670 9707 9771 10530 11098 11112 11122 11175 11478 11589 11634 11659 12266 12344 12473 12513 12518 12938 12955 13057 13316 13322 13324 13355 13738 13752 13763 13793 13823 13875 13880 14008 14073 14311 14351 14539 14574 14620 14633 14668 14918 15534 15593 15600 15855 17829 17871 17952 17964 18017 18022 18038 18043 18045 18055 18057 18067 18076 18077 18081 18087 18093 18095 18099 18102 18103 18104 18107 
	}
	naval_terrain=water_shallow_sea
	weather={
	}
}
