
strategic_region={
	id=25
	name="STRATEGICREGION_25"
	provinces={
		8448 8523 8548 8604 8716 8807 8809 8822 8930 8943 9013 9045 9148 9220 9226 9268 9269 9319 9438 9585 9632 9668 9698 9806 9879 9880 9911 9926 9947 9973 10001 10025 10122 10155 10238 10275 10413 10415 10451 10637 10725 10836 10880 10904 10913 10925 10950 11009 11118 11189 11251 11449 11583 11603 11616 11718 11882 11900 11938 12000 12075 12168 12203 12412 12430 12467 12560 12715 12728 12781 12839 12856 12911 13211 13245 13345 13350 13557 13749 13751 13881 13937 14070 14106 14166 14698 14765 14824 14966 15100 15106 15203 15280 15317 15723 15766 15870 15910 17203 17273 17279 17288 17289 17320 17354 17363 17371 17439 17480 17497 17501 17512 17567 17590 17596 17626 17681 
	}
	naval_terrain=water_deep_ocean
	weather={
	}
}
