
strategic_region={
	id=26
	name="STRATEGICREGION_26"
	provinces={
		35 44 60 102 1251 1730 1999 2189 4057 4559 8270 8276 8280 8332 8352 8370 8384 8396 8408 8411 8447 8470 8773 8902 8919 9014 9065 9097 9237 9363 9456 9478 9554 9625 9938 10327 10584 10616 10958 11141 11173 11183 11268 11290 11550 11626 11734 11853 12114 12116 12258 12332 12487 12506 12536 12775 12816 12994 13071 13513 13817 13971 14024 14027 14028 14057 14219 14273 14443 14527 14618 14670 14724 14887 14907 15073 15241 15397 15440 15552 15613 15810 15823 15848 15861 15872 17826 17856 17875 17883 17911 17921 17965 17967 17981 17991 18009 18010 18028 18036 18058 18100 
	}
	naval_terrain=water_shallow_sea
	weather={
	}
}
