
strategic_region={
	id=27
	name="STRATEGICREGION_27"
	provinces={
		8583 8649 8683 8753 8815 8863 8948 9589 9921 10038 10102 10305 10414 10602 11047 11086 11104 11174 11213 11431 11434 11572 11611 11702 11730 11919 11967 12108 12115 12143 12248 12441 12453 12599 12608 12867 12896 12923 13148 13166 13201 13290 13413 13520 13717 13852 13900 14113 14140 14161 14310 14322 14364 14634 14673 14689 14912 14952 15047 15183 15312 15314 15481 15570 15622 15945 17462 17481 17487 17491 17513 17528 17549 17562 17582 17605 17608 17634 17638 17641 17656 17663 17671 17684 17706 17741 17749 17752 17781 17787 
	}
	naval_terrain=water_shallow_sea
	weather={
	}
}
