
strategic_region={
	id=28
	name="STRATEGICREGION_28"
	provinces={
		88 92 99 113 204 295 391 409 817 833 853 854 902 924 949 1076 1121 1153 1179 1298 1340 1371 1385 1436 1490 1653 1717 1746 1761 1809 1836 1977 2048 2122 2134 2146 2217 2256 2301 2449 2613 2905 2953 2966 2971 3014 3099 3101 3152 3181 3187 3305 3308 3323 3432 3490 3598 3702 3706 3750 3838 3845 4004 4041 4132 4157 4169 4229 4264 4324 4374 4436 4556 4644 4667 4772 4799 4806 4850 4986 5027 5035 5044 5046 5062 5262 5283 5285 5302 5309 5364 5395 5401 5430 5444 5495 7595 7596 7597 7600 7602 7603 7605 7615 7616 7617 7626 7631 7634 7636 7638 7643 7647 7650 7651 7653 7656 7663 7666 7669 7671 7680 7683 7684 7691 7696 7706 7707 7710 7712 7713 7716 7720 7723 7735 7744 7751 7763 7767 7769 7771 7777 7785 7789 7798 7803 7819 7823 7833 7849 7852 7857 7858 
	}
	weather={
	}
}
