
strategic_region={
	id=29
	name="STRATEGICREGION_29"
	provinces={
		36 46 71 127 143 168 182 298 418 444 493 498 558 572 578 595 597 666 674 692 793 826 881 918 939 962 1049 1070 1216 1350 1352 1364 1405 1407 1522 1523 1532 1591 1612 1661 1676 1678 1685 1700 1710 1779 1793 1920 1924 1929 1992 2061 2209 2221 2246 2285 2289 2296 2365 2380 2441 2474 2504 2558 2601 2623 2666 2685 2758 2783 2805 2829 2844 2859 2867 2876 2884 2939 2967 2973 2974 2999 3049 3090 3116 3158 3178 3190 3206 3216 3232 3240 3244 3249 3263 3272 3359 3375 3382 3386 3447 3475 3491 3492 3522 3554 3581 3638 3646 3732 3753 3758 3849 3909 3916 3937 3990 4119 4124 4150 4168 4200 4208 4225 4238 4255 4313 4347 4378 4415 4455 4522 4531 4584 4722 4738 4743 4800 4813 4862 4897 4918 4921 4927 4999 5077 5078 5099 5146 5152 5163 5188 5204 5209 5215 5222 5278 5289 5390 5425 5463 5485 7859 7867 7882 7887 7889 7894 7914 7916 7926 7936 7937 7943 7948 7954 7960 7961 7976 7982 7992 7993 8000 8007 8012 8016 8025 8028 8033 8042 8047 8055 8058 8062 8065 8075 8078 8082 8093 8096 8098 8100 8101 8107 8110 8113 8119 8120 8123 8124 8125 8129 8130 8134 8137 8142 8143 8145 8147 8148 8154 8165 8169 8171 8173 8174 8176 8177 8184 8190 8193 8195 8197 8198 8216 8217 8220 8221 8224 8230 8231 8233 8241 8244 8245 8282 8288 8304 8305 8321 8334 8364 
	}
	weather={
	}
}
