
strategic_region={
	id=30
	name="STRATEGICREGION_30"
	provinces={
		82 190 220 281 300 322 359 375 395 503 506 519 545 568 592 637 708 785 824 856 883 1056 1085 1130 1138 1237 1304 1326 1345 1387 1406 1448 1485 1573 1655 1656 1718 1723 1762 1969 2037 2120 2203 2227 2264 2288 2347 2409 2416 2639 2746 2926 2940 2964 2977 3004 3025 3062 3063 3069 3204 3224 3231 3280 3313 3316 3537 3549 3611 3619 3647 3708 3834 3842 3882 3890 3983 4035 4037 4079 4134 4212 4283 4336 4390 4583 4598 4613 4624 4631 4826 4835 4909 4954 5103 5113 5169 5189 5213 5228 5295 5338 5368 5476 8267 8283 8296 8299 8309 8311 8315 8317 8320 8323 8331 8333 8340 8347 8356 8360 8362 8368 8371 8372 8373 8376 8381 8383 8386 8388 8393 8395 8397 8398 8400 8403 8404 8405 8406 8407 8410 8413 8414 8416 8419 8420 8421 8422 8423 8424 8425 8427 8428 8431 
	}
	weather={
	}
}
