
strategic_region={
	id=31
	name="STRATEGICREGION_31"
	provinces={
		144 185 299 413 525 553 669 784 866 870 882 888 947 1107 1148 1265 1269 1416 1550 1615 1638 1674 1956 2042 2188 2279 2330 2515 2616 2670 2712 2715 2795 2810 2833 2922 2961 3051 3117 3260 3277 3376 3440 3455 3456 3507 3703 3715 3740 3797 3816 3843 3915 3942 4094 4156 4243 4356 4607 4610 4615 4627 4636 4811 5088 5256 5265 5311 5433 5503 7810 7812 7825 7829 7842 7843 7851 7870 7880 7891 7893 7899 7907 7919 7928 7932 7941 7942 7966 7979 8004 8018 8045 8046 8061 8064 8072 8076 8094 8095 8097 8112 8114 8116 8140 8149 8156 8158 8164 8642 9027 9370 9621 9736 9775 10070 10075 10144 10211 10218 10410 10434 10635 10834 10838 10869 10870 10988 11045 11046 11327 11407 11416 11432 11476 11628 11668 11902 11972 12059 12076 12102 12205 12227 12449 12470 12556 12699 12829 12986 13199 13216 13244 13248 13307 13325 13400 13546 13569 13623 13636 13651 13739 13834 13940 14016 14157 14445 14464 14489 14736 14841 14883 14981 15197 15211 15366 15498 15700 15756 15806 15939 15956 16021 17426 17445 17460 17498 17509 17525 17537 17538 17560 17573 17587 17628 17629 17653 17655 17660 17703 17724 17725 17756 17764 17837 
	}
	naval_terrain=water_shallow_sea
	weather={
	}
}
