
strategic_region={
	id=34
	name="STRATEGICREGION_34"
	provinces={
		38 77 107 117 145 158 159 165 286 306 332 389 397 411 415 435 512 539 548 565 577 583 614 628 647 660 682 714 715 730 752 772 805 806 829 838 865 874 889 968 1016 1020 1021 1027 1047 1131 1178 1184 1194 1200 1222 1250 1267 1288 1294 1377 1557 1560 1568 1583 1621 1725 1737 1739 1759 1768 1783 1789 1790 1791 1799 1816 1840 1866 1904 1942 1993 2015 2033 2059 2068 2083 2101 2125 2172 2206 2228 2232 2269 2280 2334 2346 2393 2401 2425 2431 2455 2484 2494 2507 2528 2569 2602 2619 2708 2710 2721 2772 2809 2811 2819 2822 2880 2985 3019 3052 3071 3084 3094 3120 3149 3203 3218 3258 3266 3306 3337 3363 3369 3374 3409 3478 3500 3515 3517 3576 3578 3594 3623 3650 3666 3670 3721 3727 3771 3781 3786 3873 3926 3943 3963 4000 4002 4007 4065 4066 4115 4133 4136 4142 4152 4183 4210 4211 4227 4261 4269 4288 4302 4316 4325 4349 4380 4442 4462 4464 4473 4521 4525 4566 4567 4568 4586 4611 4619 4632 4639 4676 4680 4720 4775 4781 4787 4808 4825 4836 4837 4871 4881 4915 4938 4990 5038 5067 5069 5104 5110 5177 5348 5372 5385 5429 5465 5474 5496 5498 5933 5958 5962 5966 5975 5988 5989 5992 6005 6006 6014 6015 6023 6030 6051 6053 6062 6074 6088 6092 6098 6106 6116 6119 6122 6131 6135 6138 6141 6147 6153 6162 6173 6178 6183 6185 6196 6197 6198 6207 6209 6212 6223 6227 6232 6254 6259 6273 6278 6281 6285 6289 6294 6310 6311 6333 6339 6345 6349 6353 6356 6373 6380 6388 6394 6396 6406 6416 6425 6427 6433 6434 6436 6441 6442 6452 6453 6458 6469 6478 6479 6484 6487 6490 6492 6497 6500 6503 6508 6522 6523 6528 6539 6543 6544 6548 6549 6553 6574 6582 6603 6606 6615 6620 6624 6629 6638 6640 6647 6648 6649 6661 
	}
	weather={
	}
}
