
strategic_region={
	id=35
	name="STRATEGICREGION_35"
	provinces={
		20 62 84 104 249 254 264 277 307 342 361 374 381 414 417 419 434 458 630 650 664 767 783 812 818 864 875 896 903 933 955 964 969 993 1024 1037 1051 1167 1168 1198 1243 1317 1333 1463 1488 1552 1607 1608 1645 1648 1659 1694 1716 1767 1837 1839 1865 1874 1880 1887 1900 1911 1922 1967 2060 2071 2093 2121 2153 2182 2184 2196 2223 2237 2250 2271 2306 2315 2349 2358 2386 2408 2446 2488 2522 2545 2546 2566 2589 2622 2628 2671 2747 2818 2887 2893 2938 2984 2990 3002 3003 3005 3058 3079 3100 3121 3132 3134 3177 3197 3245 3297 3309 3326 3351 3352 3379 3384 3418 3420 3427 3466 3519 3524 3574 3579 3625 3662 3707 3769 3796 3814 3831 3850 3858 3904 3907 3912 3975 3988 3994 3995 4011 4026 4033 4050 4059 4108 4139 4149 4159 4193 4250 4291 4319 4411 4438 4474 4551 4573 4630 4645 4648 4668 4716 4729 4731 4753 4879 4891 4911 5014 5030 5064 5122 5129 5161 5175 5190 5218 5245 5249 5252 5304 5325 5360 5374 5377 5378 5418 5428 5452 5530 5531 5533 5534 5535 5545 5552 5556 5563 5568 5572 5573 5575 5578 5581 5588 5589 5595 5596 5599 5601 5606 5607 5609 5613 5622 5624 5626 5627 5635 5646 5649 5651 5653 5657 5659 5660 5661 5662 5668 5677 5682 5685 5688 5692 5694 5699 5712 5714 5716 5721 5732 5737 5747 5753 5754 5755 5761 5771 5773 5777 5781 5783 5784 5786 5787 5790 5791 5794 5795 5803 5808 5810 5820 5822 5823 5832 5837 5852 5862 5865 5876 5877 5884 5895 5909 5917 5928 5943 5978 5997 8433 
	}
	weather={
	}
}
