
strategic_region={
	id=36
	name="STRATEGICREGION_36"
	provinces={
		68 74 120 141 189 205 219 348 358 520 644 810 845 857 895 973 1009 1015 1075 1207 1279 1334 1383 1412 1473 1494 1495 1536 1540 1547 1654 1873 1875 1927 2040 2077 2090 2130 2133 2139 2193 2208 2218 2260 2293 2303 2335 2368 2448 2512 2674 2681 2806 2865 2875 3020 3073 3189 3270 3334 3348 3366 3410 3497 3622 3724 3738 3751 3841 3867 3959 4042 4348 4414 4424 4555 4595 4650 4679 4791 4792 4943 5011 5059 5120 5166 5192 5292 5322 5393 5408 5434 5475 5579 5580 5593 5603 5612 5618 5633 5636 5650 5655 5671 5674 5687 5698 5708 5728 5739 5741 5752 5758 5782 5806 5825 5830 5836 5840 5845 5859 5860 5861 5872 5875 5885 5888 5890 5899 5911 5912 5923 5929 5932 5935 5939 5947 5952 5954 5965 5983 
	}
	weather={
	}
}
