
strategic_region={
	id=37
	name="STRATEGICREGION_37"
	provinces={
		523 586 804 976 1197 1328 1343 1372 1751 2482 2756 2799 2808 3160 3609 3668 3913 4239 4975 4991 5124 5246 5247 7449 7470 7478 7492 7505 7507 7515 7520 7521 7534 7549 7551 7561 7567 7570 7578 7580 7581 8793 9294 9392 9677 9809 9839 10223 10296 10556 10589 11071 11131 11266 11500 11511 11574 12009 12465 12820 12977 13228 13500 13615 13650 13766 13787 13895 14014 14270 14690 14845 14908 15108 15867 17182 17239 17244 17262 17282 17313 17321 17329 17332 17365 17385 17388 
	}
	naval_terrain=water_shallow_sea
	weather={
	}
}
