
strategic_region={
	id=39
	name="STRATEGICREGION_39"
	provinces={
		31 75 108 125 183 317 350 367 477 613 776 803 835 1089 1272 1421 1440 1444 1456 1474 1699 1729 1769 1772 1843 2085 2167 2340 2366 2405 2476 2586 2600 2695 2742 2824 2857 2919 2957 2989 3157 3174 3196 3209 3311 3433 3444 3664 3718 3722 3746 3823 3857 3917 4194 4244 4303 4346 4412 4439 4457 4470 4481 4524 4553 4782 4784 4858 4901 4937 4949 4980 5018 5208 5268 5284 5317 5396 7219 7263 7271 7280 7289 7298 7304 7312 7324 7332 7336 7340 7344 7359 7361 7366 7380 7381 7382 7384 7396 7416 7419 7420 7423 7425 7429 7430 7436 7443 7444 7452 7464 7473 7487 7490 7491 7506 7508 7527 7529 7542 7552 7562 7576 
	}
	weather={
	}
}
