
strategic_region={
	id=4
	name="STRATEGICREGION_4"
	provinces={
		47 70 202 237 274 368 449 786 858 862 971 1010 1042 1314 1325 1367 1380 1549 1622 1658 1692 1813 1877 1940 2022 2128 2131 2140 2164 2238 2378 2427 2442 2535 2614 2759 3054 3182 3236 3310 3356 3484 3613 3726 3832 3901 3946 4112 4164 4191 4257 4445 4510 4516 4653 4673 4892 4916 4966 5054 5135 5333 7929 7950 7984 7991 8036 8043 8048 8059 8085 8092 8104 8111 8128 8131 8133 8146 8157 8160 8162 8172 8188 8226 8232 8237 8239 8250 8251 8262 8263 8268 8275 8281 8284 8291 8292 8302 8303 8318 
	}
	weather={
	}
}
