
strategic_region={
	id=40
	name="STRATEGICREGION_40"
	provinces={
		28 98 124 293 446 513 527 673 733 799 917 935 1036 1252 1256 1299 1327 1430 1467 1504 1514 1515 1801 1867 1883 1912 2006 2011 2123 2233 2299 2310 2313 2332 2357 2400 2533 2539 2548 2591 2599 2634 2683 2736 2762 2983 3059 3179 3275 3282 3303 3321 3336 3518 3681 3713 3714 3757 4099 4184 4219 4240 4253 4300 4382 4420 4444 4468 4480 4513 4616 4761 4793 4854 4860 4908 4917 4994 5123 5141 5182 5244 5276 5298 5410 5483 5492 5504 7111 7118 7123 7144 7147 7151 7159 7161 7172 7179 7184 7193 7195 7200 7210 7215 7216 7221 7224 7229 7230 7234 7235 7238 7239 7242 7243 7253 7265 7267 7272 7275 7284 7290 7292 7303 7305 7307 7309 7310 7316 7317 7319 7321 7333 7338 7339 7349 7371 7386 7389 7397 7411 7412 7414 7432 7434 7450 7453 
	}
	weather={
	}
}
