
strategic_region={
	id=43
	name="STRATEGICREGION_43"
	provinces={
		2 105 188 310 544 642 775 974 999 1116 1229 1244 1283 1321 1572 1701 1744 1782 1819 2020 2052 2562 2578 2583 2596 2689 2739 3155 3186 3285 3302 3392 3412 3520 3547 3563 3700 3739 3886 4146 4274 4389 4552 4603 4633 4803 4830 4929 5066 5263 5400 5416 5427 5436 7923 7957 7972 7973 7995 8009 8019 8030 8031 8032 8034 8037 8050 8070 8086 8091 8102 8103 8105 8115 8122 8151 8152 8170 8178 8185 8199 8200 8205 8222 8223 8247 8264 8552 8703 8728 8767 9044 9198 9568 9691 9885 9897 10023 10065 10073 10137 10439 10592 10721 10928 11116 11184 11452 11704 11747 11756 12138 12187 12238 12386 12686 12837 13296 13407 13744 13941 13991 14043 14206 14674 14805 14817 14973 15205 15335 15372 15784 15797 15933 17631 17635 17668 17676 17683 17692 17702 17727 17728 17739 17760 17766 17814 17868 
	}
	naval_terrain=water_fjords
	weather={
	}
}
