
strategic_region={
	id=46
	name="STRATEGICREGION_46"
	provinces={
		4704 8594 8658 8852 8868 8972 8987 9528 9575 9772 9924 9949 9976 10364 10606 10885 10953 11117 11127 11181 11412 11505 11623 11710 11821 12301 12329 12414 12474 12520 12658 12687 12720 13037 13147 13330 13381 13572 13599 13716 13719 14011 14013 14257 14484 14488 14507 14659 14663 14669 14694 14702 15026 15115 15178 15323 15467 15533 15688 15782 17221 17319 17350 17366 17373 17387 17392 17401 17406 17428 17469 17471 17475 17476 17493 17495 17504 17534 17535 17555 17561 
	}
	naval_terrain=water_shallow_sea
	weather={
	}
}
