
strategic_region={
	id=47
	name="STRATEGICREGION_47"
	provinces={
		2086 4754 7579 7585 7604 7629 8538 8766 9050 9188 9376 9450 9540 9553 9561 9739 9770 9984 10056 10139 10298 10456 10591 10706 10772 10946 10961 11059 11148 11157 11548 11557 11587 11661 11783 11818 11955 12040 12067 12165 12183 12267 12348 12482 12689 12825 13002 13115 13145 13210 13321 13469 13551 13602 13652 13697 13789 13927 13945 14116 14225 14394 14665 14692 15171 15292 15298 15354 15487 15488 15574 15592 15652 15701 15780 15837 15846 17283 17291 17322 17331 17335 17410 17427 17442 17488 17499 17507 17518 17522 17554 17574 
	}
	naval_terrain=water_shallow_sea
	weather={
	}
}
