
strategic_region={
	id=48
	name="STRATEGICREGION_48"
	provinces={
		8476 8479 8825 8826 8931 9083 9105 9195 9322 9480 9530 9645 9790 9848 9876 9965 10337 10398 10400 10459 10563 10594 10685 10727 10782 10792 10900 10923 10976 10981 11057 11217 11288 11441 11674 11770 11858 11867 11923 11939 12241 12300 12307 12341 12369 12448 12499 12650 12870 12941 13001 13031 13121 13144 13176 13185 13215 13457 13479 13508 13710 13812 13818 13963 13977 14131 14173 14403 14406 14415 14476 14754 14782 14961 15024 15286 15376 15398 15517 15525 15829 16802 16811 16824 16825 16826 16836 16846 16856 16860 16869 16881 16882 16890 16908 16909 16917 16921 16930 16931 16945 16957 16959 16993 
	}
	naval_terrain=water_deep_ocean
	weather={
	}
}
