
strategic_region={
	id=49
	name="STRATEGICREGION_49"
	provinces={
		8663 8858 8894 8896 9020 9179 9248 9349 9412 9433 9594 9605 9637 9769 9858 9908 10311 10438 10529 10617 10663 10709 10731 10771 11018 11074 11111 11172 11278 11344 11363 11383 11394 11408 11409 11444 11495 11800 11862 11895 12044 12078 12194 12196 12199 12202 12218 12263 12299 12410 12535 12579 12698 12787 12815 12917 13094 13246 13474 13666 13926 14096 14111 14227 14319 14402 14480 14696 14810 14834 14911 14964 15074 15150 15204 15257 15327 15523 15604 15607 15648 15772 15901 15915 16985 17018 17096 17098 17138 17151 17179 17180 17206 17213 17229 17237 17252 17271 17286 17290 17306 
	}
	naval_terrain=water_shallow_sea
	weather={
	}
}
