
strategic_region={
	id=51
	name="STRATEGICREGION_51"
	provinces={
		267 447 1308 2667 2752 3529 3805 4097 4396 4407 4443 5001 5116 5407 6897 6907 6971 7016 7037 7063 7095 7106 7169 8489 9147 9425 9588 9628 10107 11297 11352 11562 11650 11892 12094 12156 12197 12262 12356 12488 12631 13251 13270 13339 13515 13664 13773 13774 13785 13979 14465 14580 14643 14818 14991 14999 15145 15388 15419 15473 15717 15745 16744 16791 16792 16807 16828 16835 16842 16851 16858 16870 16886 16891 16906 16925 16938 16941 16943 16963 16964 16981 16987 16989 17022 
	}
	naval_terrain=water_fjords
	weather={
	}
}
