
strategic_region={
	id=53
	name="STRATEGICREGION_53"
	provinces={
		2308 4216 4888 4907 5479 6646 6726 6742 6745 6749 8509 8646 8912 8941 9102 9208 9264 10169 10285 10362 10431 10519 10566 10759 10798 10915 11123 11193 11322 11460 11757 11782 11796 11898 12217 12225 12357 12368 12723 12845 12951 13053 13616 13625 13771 14187 14230 14254 14321 14371 14497 14510 14535 14602 14767 14784 14904 15180 15271 15324 15330 15399 15406 15781 15996 16647 16662 16664 16673 16674 16685 16692 16696 16714 16715 16717 16729 16736 16768 
	}
	naval_terrain=water_fjords
	weather={
	}
}
