
strategic_region={
	id=54
	name="STRATEGICREGION_54"
	provinces={
		1 95 109 199 201 223 404 422 480 507 516 616 661 825 909 1161 1187 1196 1368 1373 1374 1457 1481 1520 1556 1580 1590 1747 1748 1817 1831 1834 1898 1997 2007 2013 2018 2051 2073 2129 2155 2186 2215 2248 2325 2328 2502 2552 2559 2582 2620 2706 2731 2778 2798 2860 2871 2885 2888 2890 2900 2936 2944 3278 3292 3327 3341 3344 3349 3368 3559 3582 3586 3592 3602 3606 3659 3673 3698 3735 3778 3927 3972 3976 3984 4058 4206 4237 4402 4433 4488 4507 4514 4535 4646 4664 4699 4750 4758 4848 4865 4885 4962 4988 4992 5055 5085 5090 5133 5156 5167 5214 5288 5294 5307 5323 5336 5353 5478 5484 6643 6657 6668 6685 6695 6697 6704 6706 6708 6709 6711 6714 6719 6720 6724 6727 6729 6731 6735 6741 6746 6750 6752 6761 6764 6765 6770 6771 6773 6781 6784 6791 6793 6795 6800 6801 6804 6805 6806 6807 6812 6816 6817 6821 6824 6829 6832 6837 6841 6842 6845 6854 6855 6858 6859 6864 6868 6869 6876 6882 6887 6896 6901 6909 6912 6923 6930 6936 6937 6945 6961 6993 6999 7015 7022 7030 7033 7083 
	}
	weather={
	}
}
