
strategic_region={
	id=55
	name="STRATEGICREGION_55"
	provinces={
		115 121 164 174 250 292 340 651 670 705 713 720 751 791 878 892 989 1006 1008 1058 1092 1105 1171 1296 1316 1341 1566 1585 1597 1635 1682 1719 1794 1795 1848 1976 2008 2112 2145 2220 2251 2284 2450 2534 2704 2790 2854 2873 2917 2929 2947 2969 2993 3065 3068 3074 3109 3450 3459 3553 3699 3710 3742 3822 3825 3853 3866 3919 3954 3966 4012 4016 4028 4095 4100 4192 4281 4399 4400 4486 4596 4723 4853 4859 5036 5127 5421 6375 6395 6414 6422 6473 6495 6520 6521 6524 6529 6536 6561 6562 6575 6576 6578 6584 6588 6589 6592 6598 6599 6604 6610 6611 6614 6617 6618 6621 6627 6636 6641 6642 6650 6662 6665 6670 6674 6681 6682 6687 6698 6710 6713 6723 6736 
	}
	weather={
	}
}
