
strategic_region={
	id=56
	name="STRATEGICREGION_56"
	provinces={
		146 156 187 206 207 232 289 429 457 517 711 728 789 836 877 910 928 934 1071 1133 1152 1306 1492 1499 1735 1760 1919 1952 1958 1986 1989 2072 2078 2095 2252 2292 2297 2419 2496 2499 2635 2654 2660 2693 2741 2850 2902 2950 2994 3029 3165 3195 3202 3208 3271 3325 3357 3441 3487 3624 3641 3649 3856 3875 3921 3925 3950 3993 4023 4045 4090 4187 4230 4233 4236 4263 4268 4404 4447 4517 4617 4728 4785 4889 4944 5040 5196 5260 5345 6628 6632 6663 6693 6702 6707 6712 6718 6732 6737 6753 6754 6757 6772 6777 6787 6788 6796 6808 6810 6813 6830 6833 6836 6847 6848 6856 6874 6884 6889 6890 6893 6898 6903 6910 6913 6917 6922 6926 6938 6939 6949 6951 6962 6966 6976 6980 7001 7004 7038 7051 
	}
	weather={
	}
}
