
strategic_region={
	id=57
	name="STRATEGICREGION_57"
	provinces={
		30 54 58 111 112 155 260 309 354 402 405 408 462 467 478 492 500 625 691 710 729 749 774 790 894 908 914 920 925 1079 1111 1159 1176 1211 1231 1262 1273 1290 1300 1320 1363 1395 1402 1487 1528 1564 1596 1614 1703 1835 1959 1968 2010 2096 2119 2177 2187 2198 2266 2286 2352 2463 2473 2520 2577 2585 2633 2647 2686 2735 2774 2802 2877 2963 2981 2995 3036 3107 3136 3144 3164 3199 3214 3242 3279 3298 3340 3489 3499 3541 3656 3665 3782 3793 3811 3872 3874 3880 3883 3938 3945 4030 4038 4047 4086 4104 4130 4249 4317 4331 4334 4360 4393 4435 4448 4461 4500 4527 4620 4719 4742 4756 4845 4967 5056 5068 5080 5178 5180 5258 5282 5369 5376 5406 5432 5453 5487 5490 6206 6208 6220 6237 6243 6250 6261 6284 6286 6299 6300 6308 6326 6331 6332 6334 6343 6346 6347 6350 6357 6363 6366 6368 6372 6376 6384 6391 6398 6407 6409 6410 6423 6428 6431 6443 6444 6445 6459 6464 6466 6467 6491 6498 6501 6506 6526 6530 6532 6540 6542 6546 6554 6555 6556 6565 6566 6569 6579 6581 6583 6587 6590 6601 6605 6612 6613 6616 6619 6631 6637 6645 6654 6658 6671 6672 6673 6675 6683 6699 6705 6715 6717 6748 6776 
	}
	weather={
	}
}
