
strategic_region={
	id=58
	name="STRATEGICREGION_58"
	provinces={
		56 73 119 126 129 562 567 576 699 800 813 820 936 967 1029 1039 1090 1142 1158 1217 1369 1455 1657 1752 1766 1804 1845 1908 1914 1948 2089 2103 2170 2197 2383 2415 2422 2423 2555 2717 2748 2796 2820 2851 3039 3066 3175 3525 3562 3565 3635 3792 3824 3862 3871 3906 4052 4056 4118 4153 4161 4179 4246 4392 4465 4528 4685 4693 4794 4796 4802 4851 4959 4965 4984 5019 5024 5319 5355 5381 5468 5984 6008 6039 6050 6056 6057 6065 6066 6069 6077 6082 6103 6117 6125 6126 6139 6142 6154 6163 6164 6167 6180 6181 6203 6215 6216 6224 6228 6234 6235 6257 6264 6266 6267 6272 6288 6295 6298 6315 6322 6325 6328 6330 6336 6365 6371 6386 6397 6401 6402 6417 6429 6456 6480 6485 
	}
	weather={
	}
}
