
strategic_region={
	id=59
	name="STRATEGICREGION_59"
	provinces={
		5 16 81 194 288 319 416 442 524 665 689 717 737 757 758 760 794 841 843 855 868 998 1017 1193 1223 1238 1247 1258 1259 1278 1362 1397 1414 1420 1443 1589 1599 1604 1687 1732 1734 1852 1884 1893 1895 1936 1961 2069 2180 2194 2214 2319 2323 2331 2355 2414 2464 2479 2536 2557 2561 2597 2641 2651 2661 2688 2744 2771 2789 2791 2803 2813 2874 2891 2912 2946 2949 2956 2958 3046 3108 3226 3331 3380 3399 3413 3428 3516 3535 3543 3568 3630 3631 3632 3654 3695 3766 3789 3948 3986 3991 4109 4131 4148 4176 4182 4189 4232 4234 4235 4273 4278 4320 4379 4425 4491 4495 4519 4534 4536 4656 4670 4691 4707 4718 4745 4760 4876 4887 4936 4983 5047 5050 5081 5094 5100 5165 5217 5272 5365 5457 5466 5467 5819 5827 5842 5846 5847 5863 5864 5870 5878 5880 5886 5901 5908 5919 5920 5926 5940 5949 5955 5976 5980 5986 6000 6002 6021 6024 6078 6099 6109 6111 6133 6137 6155 6168 6174 6188 6189 6199 6200 6204 6214 6218 6219 6225 6226 6239 6242 6251 6253 6274 6276 6291 6293 6304 6312 6317 6320 6340 6367 6390 6393 6411 6418 6430 6438 6448 6461 6465 6505 6519 6525 
	}
	weather={
	}
}
