
strategic_region={
	id=60
	name="STRATEGICREGION_60"
	provinces={
		4 9 24 65 103 114 138 177 209 246 248 263 270 329 341 347 353 383 431 432 437 459 504 514 522 549 563 593 594 607 654 662 685 770 815 821 828 831 844 860 898 899 911 922 929 951 957 979 1013 1041 1072 1078 1093 1099 1119 1170 1208 1227 1233 1271 1286 1315 1318 1319 1336 1356 1358 1389 1390 1391 1392 1418 1425 1462 1505 1539 1565 1569 1603 1619 1633 1641 1663 1688 1690 1731 1776 1800 1822 1827 1849 1860 1878 1896 1903 1909 1913 1917 1933 1937 1970 2004 2016 2050 2055 2114 2137 2160 2161 2183 2210 2225 2253 2295 2311 2320 2337 2353 2403 2429 2440 2453 2461 2491 2514 2527 2531 2574 2584 2605 2636 2673 2678 2690 2692 2698 2709 2724 2727 2740 2749 2765 2781 2787 2832 2856 2872 2889 2924 2955 2986 2998 3042 3047 3050 3102 3113 3133 3151 3170 3191 3217 3219 3252 3269 3290 3307 3312 3345 3361 3388 3448 3453 3457 3483 3513 3533 3585 3599 3626 3636 3680 3725 3745 3784 3787 3804 3808 3812 3828 3839 3840 3884 3885 3899 3928 3971 4025 4044 4062 4070 4078 4096 4121 4137 4138 4140 4151 4155 4171 4181 4217 4220 4228 4245 4277 4328 4350 4359 4408 4494 4548 4574 4589 4604 4621 4651 4682 4684 4702 4734 4740 4746 4748 4805 4818 4829 4832 4843 4846 4864 4875 4896 4906 4919 4920 4922 5000 5048 5053 5171 5199 5216 5219 5239 5241 5266 5271 5299 5361 5397 5447 5454 5486 5489 5513 5514 5515 5538 5565 5584 5630 5642 5643 5652 5667 5680 5681 5689 5710 5717 5719 5733 5749 5750 5751 5759 5763 5764 5768 5770 5774 5775 5785 5788 5789 5793 5796 5800 5802 5804 5807 5812 5813 5814 5828 5833 5834 5838 5843 5854 5855 5858 5866 5873 5874 5881 5883 5887 5889 5893 5896 5897 5907 5913 5916 5931 5934 5936 5937 5941 5942 5944 5950 5961 5967 5968 5969 5972 5977 5990 5998 6001 6003 6010 6016 6018 6019 6029 6035 6037 6040 6054 6063 6064 6067 6075 6083 6084 6086 6089 6093 6101 6104 6105 6112 6114 6128 6140 6148 6149 6158 6160 6166 6169 6171 6190 6205 6233 6316 
	}
	weather={
	}
}
