
strategic_region={
	id=61
	name="STRATEGICREGION_61"
	provinces={
		6 11 61 79 80 142 181 216 229 240 311 316 323 393 460 482 529 566 573 603 622 645 648 703 718 780 861 872 905 963 990 1031 1060 1091 1126 1140 1164 1177 1190 1206 1277 1287 1329 1460 1501 1519 1521 1570 1613 1660 1665 1721 1821 1841 1859 1881 1888 1934 1938 1966 1985 2003 2028 2032 2243 2294 2356 2387 2388 2420 2468 2469 2505 2523 2526 2530 2571 2573 2580 2728 2745 2777 2836 2870 2913 2923 3009 3030 3076 3098 3127 3145 3163 3184 3215 3286 3400 3458 3462 3464 3474 3508 3509 3532 3546 3605 3642 3693 3818 3833 3859 3934 3936 3952 3956 4089 4103 4172 4186 4196 4241 4326 4377 4397 4479 4499 4505 4518 4585 4618 4662 4681 4687 4790 4831 4866 4914 4926 4932 4963 4964 5065 5105 5164 5197 5201 5224 5261 5308 5312 5316 5320 5327 5337 5342 5354 5371 5383 5442 5443 5505 5506 5507 5508 5509 5510 5511 5512 5527 5528 5529 5532 5536 5537 5539 5540 5541 5543 5544 5551 5557 5560 5561 5564 5576 5586 5590 5602 5604 5617 5619 5621 5634 5637 5641 5645 5647 5648 5654 5656 5658 5664 5669 5670 5673 5679 5683 5690 5691 5693 5695 5696 5700 5701 5703 5704 5709 5713 5722 5726 5731 5735 5736 5738 5742 5744 5745 5748 5767 5769 5798 5799 5816 5817 
	}
	weather={
	}
}
