
strategic_region={
	id=65
	name="STRATEGICREGION_65"
	provinces={
		8512 8619 8746 8979 8997 8998 9094 9115 9172 9219 9255 9493 9653 9709 9786 9841 9853 9874 9939 9944 10204 10247 10352 10369 10376 10522 10614 10677 10762 10930 11388 11421 11560 11622 11688 11690 11786 11844 11954 12030 12500 12642 12778 12930 12939 12953 12962 12969 13041 13082 13559 13711 13761 14023 14274 14685 14790 15066 15110 15530 15831 17922 17941 17984 17989 18003 18005 18016 18053 18069 18072 18105 18106 18114 
	}
	naval_terrain=water_deep_ocean
	weather={
	}
}
