
strategic_region={
	id=66
	name="STRATEGICREGION_66"
	provinces={
		8453 8518 8533 8580 8608 8622 8689 8693 8721 8792 8819 8862 8947 8970 9067 9085 9122 9184 9185 9229 9408 9422 9430 9499 9616 9803 9975 10084 10178 10222 10246 10474 10508 10537 10603 10702 10998 11149 11294 11464 11502 11512 11602 11681 12077 12157 12289 12406 12511 12633 12663 13070 13837 14084 14325 14469 14701 14758 14787 14850 14855 15599 15762 17622 17643 17693 17696 17701 17710 17713 17716 17730 17759 17770 17800 17825 17869 17914 
	}
	naval_terrain=water_deep_ocean
	weather={
	}
}
