
strategic_region={
	id=67
	name="STRATEGICREGION_67"
	provinces={
		1155 1240 1941 2918 2960 3124 3319 3436 3951 4271 4315 4579 4925 5200 5409 6818 6888 7006 7034 7044 7054 7058 7068 7097 7112 8510 9136 9242 9671 9705 9753 9813 10030 10433 10737 10778 10878 10924 11036 11232 11280 11418 11992 12080 12200 12230 12620 12653 12968 13090 13233 13278 13434 13530 14336 14529 14557 15043 15160 15322 15504 15863 15888 15892 16737 16746 16758 16793 16794 16797 16813 16815 16834 16837 16876 16877 16899 16901 16907 16919 16920 16932 
	}
	naval_terrain=water_fjords
	weather={
	}
}
