
strategic_region={
	id=71
	name="STRATEGICREGION_71"
	provinces={
		738 1686 2053 7514 7522 7536 8477 8507 8674 9111 9391 9662 9836 9961 9985 10063 10188 10442 10458 10466 10480 10714 10765 10783 10879 11013 11283 11345 11508 11575 11629 11779 11830 11909 12091 12388 12819 12921 13061 13227 13724 13769 13935 14019 14308 14452 14550 14635 14657 14741 14757 14953 15083 15130 15200 15242 15916 16010 17043 17046 17057 17066 17073 17093 17126 17127 17139 17152 17158 17163 17175 17198 17211 17226 17238 17316 
	}
	naval_terrain=water_deep_ocean
	weather={
	}
}
