
strategic_region={
	id=72
	name="STRATEGICREGION_72"
	provinces={
		421 453 541 986 2273 2486 3011 3072 3618 3748 3779 3940 4024 4143 4284 4498 4776 7066 7124 7185 7213 7273 8440 8880 9133 9318 9777 9959 10000 10049 10113 10224 10229 10322 10326 10588 10643 10726 11005 11062 11425 11503 11543 11751 11758 11766 11860 11885 12073 12216 12337 12835 12949 13040 13044 13073 13351 13411 13524 13657 13684 14005 14137 14213 14223 14710 14927 15489 15654 15666 15721 15790 15999 16000 16016 16949 16953 16962 16974 17006 17015 17029 17040 17062 17067 17076 17099 17102 17121 
	}
	naval_terrain=water_shallow_sea
	weather={
	}
}
