
strategic_region={
	id=75
	name="STRATEGICREGION_75"
	provinces={
		8547 8916 9000 9088 9190 9459 9626 9706 9711 9847 10050 10092 10266 10297 10316 10317 10359 10395 10550 10598 10669 10788 10907 10927 11022 11092 11169 11314 11439 11846 11904 12013 12192 12391 12424 12540 12550 12575 12676 12759 12793 12906 12988 13161 13162 13356 13368 13495 13543 13585 13791 13898 13997 14018 14068 14149 14203 14326 14473 14848 14851 14977 15093 15099 15155 15174 15191 15210 15274 15460 15590 15860 15903 15980 15989 16087 16102 16114 16117 16125 16132 16152 16158 16173 16189 16203 16230 16233 16239 16244 16257 16266 16272 16278 16284 16292 16316 16327 
	}
	naval_terrain=water_fjords
	weather={
	}
}
