
strategic_region={
	id=76
	name="STRATEGICREGION_76"
	provinces={
		110 245 726 1235 2344 2460 3168 3257 3557 3774 3918 4391 4506 4590 4606 4783 5341 5387 6279 6297 6313 6337 6358 6369 6493 6512 6545 6547 6593 8662 9523 9927 10213 10237 10253 10353 10449 10506 10896 11171 11187 11289 11348 11675 12140 12213 12284 12323 12359 12411 12547 12623 12691 12853 12993 13127 13156 13173 13184 13203 13258 13297 13499 13872 14198 14439 14455 14732 14943 15105 15284 15951 16015 16448 16464 16478 16502 16552 16570 16577 16581 16582 16586 16595 16601 16616 16628 16633 16642 16652 16654 16659 16666 
	}
	naval_terrain=water_shallow_sea
	weather={
	}
}
