
strategic_region={
	id=77
	name="STRATEGICREGION_77"
	provinces={
		66 122 212 218 324 325 334 377 430 440 463 474 475 497 508 534 535 564 587 590 596 602 634 700 740 746 763 764 931 975 1033 1084 1097 1108 1144 1163 1175 1195 1219 1245 1276 1360 1379 1399 1400 1404 1429 1449 1471 1518 1586 1600 1626 1629 1673 1679 1709 1722 1765 1788 1810 1811 1847 1975 1979 1991 2017 2027 2132 2154 2169 2179 2202 2290 2318 2350 2417 2433 2438 2503 2521 2543 2544 2560 2642 2644 2653 2668 2680 2732 2734 2751 2768 2827 2835 2842 2852 2853 2868 2892 3008 3040 3083 3140 3146 3230 3268 3273 3293 3342 3381 3393 3406 3425 3465 3494 3527 3555 3601 3653 3667 3689 3690 3704 3709 3728 3754 3794 3795 3803 3817 3903 3932 3941 3961 3974 4029 4031 4046 4064 4116 4120 4135 4141 4175 4185 4190 4254 4304 4354 4369 4405 4422 4426 4492 4561 4564 4581 4594 4626 4655 4657 4715 4724 4727 4757 4828 4861 4902 4931 4934 4935 4953 4968 5070 5168 5191 5254 5303 5352 5417 5423 5426 5477 5493 6867 6877 6886 6904 6914 6975 6981 6991 7000 7012 7018 7028 7031 7042 7052 7064 7069 7080 7086 7096 7101 7109 7114 7115 7126 7127 7130 7135 7141 7145 7148 7149 7154 7155 7156 7157 7163 7164 7168 7177 7181 7182 7190 7191 7194 7197 7201 7211 7217 7218 7223 7228 7232 7236 7241 7252 7262 7264 7270 7277 7278 7283 7287 7295 7297 7301 7308 7315 7322 7330 7334 7353 7354 7358 7360 7362 7363 7370 7373 7374 7376 7378 7385 7395 7398 7399 7402 7409 7415 7422 7424 7435 7437 7441 7445 7446 7447 7454 7457 7461 7462 7466 7468 7471 7472 7475 7483 7485 7486 7498 7500 7511 7512 7533 7535 7546 7557 
	}
	weather={
	}
}
