
strategic_region={
	id=78
	name="STRATEGICREGION_78"
	provinces={
		25 26 43 226 257 285 291 468 554 734 743 859 863 904 942 984 1000 1034 1120 1154 1157 1268 1280 1386 1408 1423 1483 1631 1646 1733 1786 1825 1838 1863 1915 1981 2041 2178 2190 2276 2343 2363 2382 2396 2432 2459 2723 2738 3017 3055 3128 3143 3220 3261 3343 3365 3404 3460 3678 3683 3801 3837 3847 4005 4081 4383 4458 4543 4572 4580 4599 4622 4677 4766 4821 4840 5032 5139 5202 5330 5339 5356 5412 6472 6504 6535 6551 6558 6559 6607 6608 6626 6667 6679 6690 6694 6696 6716 6739 6756 6767 6789 6794 6803 6811 6814 6815 6838 6840 6908 6929 6932 6947 6948 6958 6964 6977 6978 7011 8601 8621 8626 9265 9298 9524 9526 9640 9860 9862 10057 10342 10348 10488 10573 10682 10842 10888 10964 10989 11321 11364 11445 11517 11526 11651 12175 12184 12186 12440 12485 12548 12587 12598 12647 12662 12669 12828 12995 13022 13247 13257 13311 13396 13470 13678 13735 13808 14280 14372 14380 14468 14553 14707 14714 14740 14876 14950 15142 15190 15246 15267 15520 15620 15779 15789 15873 15884 15918 15922 16558 16571 16574 16594 16600 16617 16619 16623 16632 16638 16639 16678 16704 16725 16745 16795 16796 16798 16810 16818 16827 16833 16847 16850 16857 16865 16868 16889 
	}
	naval_terrain=water_fjords
	weather={
	}
}
