
strategic_region={
	id=79
	name="STRATEGICREGION_79"
	provinces={
		8 51 55 106 128 195 208 244 247 282 283 304 321 333 360 370 399 410 433 443 479 538 547 560 605 606 608 620 633 652 677 697 723 731 773 851 867 897 912 937 943 1004 1045 1065 1086 1110 1113 1132 1242 1434 1438 1513 1575 1578 1598 1605 1671 1714 1736 1758 1778 1972 2002 2035 2175 2222 2231 2249 2262 2309 2421 2542 2576 2608 2621 2632 2753 2834 3013 3026 3088 3192 3254 3300 3346 3411 3429 3430 3439 3463 3467 3503 3504 3526 3570 3577 3628 3644 3767 3944 3999 4013 4021 4055 4252 4258 4285 4299 4332 4375 4569 4609 4641 4643 4733 4741 4847 4870 4878 4880 4883 4956 5086 5102 5112 5132 5193 5207 5253 5270 5286 5287 5290 5331 5335 5420 5519 5520 5521 5522 5523 5524 5525 5526 5558 5570 5574 5587 5594 5605 5615 5623 5625 5628 5638 5639 5644 5686 5702 5705 5706 5707 5718 5720 5724 5727 5729 5734 5740 5746 5757 5760 5762 5765 5766 5780 5792 5801 5805 5809 5851 
	}
	weather={
	}
}
