
strategic_region={
	id=8
	name="STRATEGICREGION_8"
	provinces={
		239 262 355 542 988 1032 1224 1486 1711 2244 2452 2677 3403 3617 3749 4032 4054 4173 4361 4478 4503 4759 5010 5343 7949 7997 8040 8044 8066 8089 8090 8127 8136 8211 8227 8240 8260 8278 8765 9393 9476 9964 10045 10346 10543 11178 11343 11385 11395 11946 12154 12672 12966 13005 13498 13969 14069 14155 14224 14605 14636 14691 14929 15087 15168 15295 15509 17719 17726 17736 17755 17765 17773 17783 17795 17811 17835 17849 17852 17859 17866 
	}
	naval_terrain=water_shallow_sea
	weather={
	}
}
