
strategic_region={
	id=80
	name="STRATEGICREGION_80"
	provinces={
		23 29 50 152 266 303 335 420 639 684 702 771 822 871 884 956 966 1137 1307 1337 1354 1376 1422 1553 1620 1754 1828 1854 1931 2024 2026 2046 2088 2171 2437 2445 2485 2490 2532 2537 2763 2823 2965 3010 3053 3180 3372 3431 3571 3575 3691 3772 4069 4107 4113 4126 4265 4533 4547 4941 4978 5071 5082 5115 5148 5176 5211 5269 5392 5398 5403 5422 5473 5482 5500 7165 7166 7192 7202 7205 7208 7256 7288 7293 7302 7311 7323 7327 7328 7343 7351 7352 7356 7377 7388 7403 7410 7413 7418 7428 7442 7448 7455 7469 7489 7509 7547 8584 8838 8876 9089 9723 9972 10212 10453 10535 10779 11197 11233 11485 11520 11646 11735 11785 12172 12338 12432 12503 12795 12849 13027 13058 13089 13146 13207 13364 13589 13667 13694 13919 13928 13947 13976 14180 14261 14269 14324 14384 14385 14541 14562 14638 14705 14770 15128 15193 15400 15418 15448 15475 15491 15521 15847 15902 15978 15995 16952 16966 16967 17009 17026 17034 17041 17054 17070 17115 17120 17128 17130 17137 17149 17160 17171 17194 
	}
	naval_terrain=water_fjords
	weather={
	}
}
