
strategic_region={
	id=81
	name="STRATEGICREGION_81"
	provinces={
		315 356 623 657 663 681 704 735 923 1124 1165 1192 1209 1281 1284 1285 1293 1330 1378 1409 1439 1479 1509 1983 2045 2074 2117 2142 2272 2274 2312 2385 2524 2604 2610 2648 2784 2792 3115 3161 3210 3248 3723 3764 3851 4162 4338 4384 4767 4770 4774 4998 5015 5031 5121 5279 6027 6044 6055 6081 6085 6108 6118 6124 6136 6157 6184 6241 6249 6255 6256 6270 6280 6283 6287 6290 6303 6324 8704 8821 8905 9006 9603 9996 10257 10272 10516 11061 11072 11286 11298 11754 11805 11930 11944 12046 12361 12509 12589 12679 12779 13019 13186 13243 13578 13930 13973 13994 14286 14573 14593 14903 14924 15125 15279 15627 15673 16005 16407 16411 16446 16470 16471 16492 16504 16507 16514 16520 16529 16536 16546 16551 16554 16560 16575 16579 
	}
	naval_terrain=water_shallow_sea
	weather={
	}
}
