
strategic_region={
	id=82
	name="STRATEGICREGION_82"
	provinces={
		32 33 64 134 160 170 179 184 192 203 221 243 256 259 261 280 346 386 438 451 456 461 469 502 505 510 546 617 646 671 694 808 852 913 950 982 987 1162 1185 1230 1239 1382 1393 1427 1445 1497 1544 1555 1563 1567 1601 1632 1647 1652 1670 1740 1774 1802 1806 1829 1876 1902 1949 2115 2141 2234 2362 2389 2565 2662 2726 2754 2862 2899 2975 2980 3018 3056 3657 3685 3729 3887 3892 3977 4051 4122 4295 4385 4450 4454 4523 4542 4557 4683 4695 4706 4855 4863 4982 5097 5516 5517 5518 5546 5547 5549 5569 5577 5582 5600 5608 5665 5676 5684 5711 5778 5831 5844 5849 5850 5869 
	}
	weather={
	}
}
