
strategic_region={
	id=83
	name="STRATEGICREGION_83"
	provinces={
		8589 8855 9165 9267 9293 9510 10336 10343 10344 10538 10791 10815 10817 11025 11186 11245 11273 11301 11328 11332 11347 11417 11447 11480 11494 11638 11693 11729 11941 11970 12325 12374 12378 12643 12719 12731 12732 12806 12879 12899 13035 13264 13267 13465 13507 13509 13699 13748 13797 14015 14037 14087 14089 14335 14337 14417 14427 14523 14551 14650 14762 14875 15071 15075 15076 15166 15559 15642 15799 15955 15962 16103 16108 16110 16116 16123 16133 16143 16148 16154 16217 16218 16225 16242 16247 16273 16274 16281 16307 16335 16343 16361 16369 
	}
	naval_terrain=water_shallow_sea
	weather={
	}
}
