
strategic_region={
	id=84
	name="STRATEGICREGION_84"
	provinces={
		90 197 885 1205 1672 1833 1905 2162 2173 2307 2911 4504 5140 5456 6820 6915 6998 7138 7143 7204 8484 8541 8647 8707 8720 8881 8921 8955 9060 9126 9225 9309 9323 9355 9369 9539 9547 9557 9919 9978 10029 10119 10164 10165 10209 10232 10281 10314 10331 10366 10470 10493 10618 10826 10895 10977 11052 11143 11145 11218 11359 11414 11635 11698 11859 11886 12049 12294 12324 12399 12415 12519 12651 12736 12846 12927 13008 13030 13219 13333 13335 13375 13386 13410 13431 13516 13529 13614 13628 13688 13801 13830 13855 13921 13948 14001 14081 14119 14121 14495 14508 14755 14811 14888 14937 15086 15121 15173 15223 15318 15526 15545 15626 15964 16747 16756 16763 16773 16783 16861 16867 16883 16884 16894 16895 16898 16902 16904 16905 16912 16922 16924 16934 16940 16947 16948 16956 16958 16960 16965 16979 16999 17003 17005 17021 17023 17025 17028 17031 17033 
	}
	naval_terrain=water_deep_ocean
	weather={
	}
}
