
strategic_region={
	id=87
	name="STRATEGICREGION_87"
	provinces={
		8465 8652 8672 8717 8744 8835 8860 8892 8927 8957 8969 8996 9021 9029 9121 9139 9144 9351 9356 9564 9576 9622 9672 9704 9792 9842 9870 9877 9887 9931 9994 10332 10857 10871 10939 11073 11080 11084 11226 11627 11680 11778 11815 11826 11903 11960 11993 12014 12191 12229 12232 12264 12322 12328 12462 12524 13034 13067 13135 13414 13571 13574 13627 13972 14386 14456 14536 14546 14779 15101 15129 15341 15365 15567 15628 15737 15808 15809 15856 15864 16843 16923 16951 16998 17017 17056 17090 
	}
	naval_terrain=water_deep_ocean
	weather={
	}
}
