
strategic_region={
	id=90
	name="STRATEGICREGION_90"
	provinces={
		571 698 893 1174 2025 2300 2456 2541 2882 3060 3205 3777 4077 4110 5051 5154 5367 7488 7502 7530 7582 7692 7727 7730 7737 7772 8574 8925 9008 9337 9413 9872 10380 10641 10668 10825 10901 11229 11253 11437 11723 11856 12109 12283 12336 12801 12808 12936 13130 13305 13447 13518 13573 14170 14298 14596 14672 14703 15170 15240 15262 15287 15594 15685 15697 15843 15891 17205 17220 17241 17263 17305 17323 17341 17376 17394 17399 17421 17459 
	}
	naval_terrain=water_shallow_sea
	weather={
	}
}
