
strategic_region={
	id=92
	name="STRATEGICREGION_92"
	provinces={
		15 130 131 147 153 162 166 210 234 258 269 271 275 308 379 427 428 454 491 495 496 599 621 635 741 745 748 777 795 839 946 1139 1289 1353 1446 1447 1512 1517 1551 1579 1639 1696 1708 1750 1755 1805 1814 1823 1832 1897 1987 1988 1998 2081 2084 2092 2143 2147 2277 2398 2402 2443 2624 2645 2737 2793 2817 2906 2907 2937 2948 2978 3037 3096 3110 3125 3211 3233 3234 3262 3299 3377 3414 3423 3437 3446 3449 3479 3505 3551 3566 3588 3603 3634 3775 3821 3835 3855 3900 3953 4009 4160 4298 4429 4485 4571 4647 4654 4669 4696 4768 4815 4838 4973 4977 4996 5005 5026 5039 5079 5091 5130 5131 5136 5179 5185 5205 5230 5243 5248 5251 5257 5281 5291 5340 5458 5469 6769 6785 6797 6819 6826 6862 6870 6892 6911 6927 6954 6963 6968 6970 6985 6989 6994 6996 7007 7010 7023 7039 7041 7045 7056 7065 7074 7075 7079 7087 7089 7094 7099 7100 7128 7129 7133 7137 7153 7162 7167 7173 7175 7180 7186 7188 7196 7203 7206 7207 7209 7222 7225 7231 7247 7248 7250 7254 7257 7258 7260 7268 7269 7281 7286 7291 7314 7318 7331 7337 7357 
	}
	weather={
	}
}
