
strategic_region={
	id=95
	name="STRATEGICREGION_95"
	provinces={
		8438 8445 8487 8561 8568 8614 8769 9429 9481 9550 9573 9746 9834 9981 10008 10021 10367 10599 10633 11008 11170 11182 11265 11789 12031 12085 12566 12665 12734 12931 13221 13372 13438 13541 13705 13730 13816 13877 13950 14312 14316 14363 14395 14515 14785 14835 15056 15162 15263 15347 15528 15722 15735 15887 15898 15960 16370 16401 16402 16418 16457 16475 16479 16498 16500 16531 16590 16596 
	}
	naval_terrain=water_fjords
	weather={
	}
}
