
strategic_region={
	id=96
	name="STRATEGICREGION_96"
	provinces={
		439 2333 6424 6447 6457 6475 6502 6515 6527 8557 8585 8934 9117 9580 9747 10007 10088 10227 10365 10372 10586 10619 10744 10776 10839 10982 11050 11142 11208 11712 11911 12020 12904 13169 13354 13377 13481 13487 13537 13575 13647 13784 13822 13929 14101 14217 14470 14490 14590 14623 14955 15091 15234 15238 15321 15438 15664 16354 16367 16368 16394 16417 16434 16456 16541 16557 16562 16626 
	}
	naval_terrain=water_shallow_sea
	weather={
	}
}
