
strategic_region={
	id=97
	name="STRATEGICREGION_97"
	provinces={
		8637 8718 8782 8831 8832 8849 8878 8944 9011 9181 9200 9321 9431 9512 9543 9676 9730 9749 9776 9826 9832 10069 10130 10235 10243 10307 10325 10429 10436 10585 10601 10632 10681 10881 10894 10940 10968 10991 11185 11450 11487 11545 11570 11604 11618 11678 11767 11780 11814 11863 12505 12660 13223 13269 13272 13553 13629 13644 14086 15003 15062 15070 15072 15218 15352 15374 15439 15591 15655 15684 15801 16009 16569 16618 16622 16667 16724 16738 16739 16751 16823 
	}
	naval_terrain=water_deep_ocean
	weather={
	}
}
