
strategic_region={
	id=98
	name="STRATEGICREGION_98"
	provinces={
		8524 8810 8859 8950 8982 9003 9078 9123 9131 9174 9203 9232 9282 9335 9385 9458 9483 9609 9620 9796 9902 10283 10345 10402 10541 10659 10666 10679 10833 11042 11194 11209 11346 11353 11531 11617 11889 12130 12152 12813 12973 13087 13138 13150 13363 13463 13488 13504 13796 13800 13912 13931 14003 14139 14158 14428 14450 14684 14800 14828 15672 15704 15878 15949 16400 16414 16415 16419 16469 16561 16589 16612 
	}
	naval_terrain=water_deep_ocean
	weather={
	}
}
