
strategic_region={
	id=99
	name="STRATEGICREGION_99"
	provinces={
		8473 8747 8748 8800 8889 8928 9015 9073 9206 9442 9522 9835 9905 10093 10194 10500 10593 10612 10662 10703 10874 10929 11738 11828 11833 11893 11894 11997 12103 12125 12174 12252 12445 12497 12516 12532 12703 12762 13013 13100 13187 13193 13317 13331 13387 13456 13493 13693 14080 14340 14379 14528 14676 14847 15053 15209 15564 15577 15682 15880 16106 16184 16222 16237 16264 16265 16267 16271 16310 16333 16359 
	}
	naval_terrain=water_deep_ocean
	weather={
	}
}
